0 0 0 0 0 0 0 0 0 0 35 0 8 0 0 0 
0 0 0 27 42 24 0 0 0 48 3 0 3 0 0 0 
0 0 0 0 0 0 0 0 0 0 0 0 0 0 0 0 
0 0 0 0 0 0 0 0 0 0 0 0 0 0 15 0 
0 0 0 0 0 0 0 0 48 0 0 0 0 0 24 0 
0 0 0 0 0 0 0 0 0 0 0 0 0 0 0 0 
0 0 0 0 0 0 0 0 0 0 0 0 56 0 0 0 
0 0 0 0 0 0 0 0 0 0 0 0 0 0 27 0 
0 0 0 0 0 0 0 0 0 0 0 0 0 0 6 0 
0 0 6 0 0 0 0 0 0 0 0 18 0 0 0 0 
0 0 3 45 0 0 0 0 0 40 5 25 5 0 0 0 
0 0 0 0 0 0 0 0 28 0 0 0 0 32 0 0 
0 0 0 0 0 0 0 0 0 0 0 0 0 0 9 0 
0 16 0 64 0 0 0 0 0 0 32 20 0 0 48 0 
0 0 0 0 0 0 0 0 0 0 0 28 0 0 0 0 
0 0 0 0 0 0 0 0 0 0 0 0 0 0 12 0 
