0 0 0 0 0 0 0 0 0 0 0 0 0 0 0 0 
0 0 0 0 0 0 0 0 0 0 0 0 0 0 0 0 
0 0 0 0 0 24 0 0 0 0 0 12 0 0 0 0 
0 63 0 0 4 85 0 0 0 0 10 0 0 5 0 45 
0 81 0 0 0 63 0 0 0 0 0 0 0 0 0 16 
0 0 0 0 8 0 0 0 0 0 0 0 0 0 0 40 
0 6 45 30 3 0 0 0 0 0 7 0 0 0 0 4 
0 81 0 0 0 0 0 0 0 0 0 0 0 0 0 0 
0 0 0 0 0 0 0 0 0 0 0 0 0 0 0 0 
0 0 0 0 0 0 0 0 0 0 0 0 0 0 0 0 
0 0 0 0 0 0 0 0 0 0 0 0 0 0 0 0 
0 0 0 0 0 40 0 0 0 0 0 20 0 0 0 0 
0 0 0 0 0 0 0 0 0 0 10 0 0 5 0 45 
0 0 0 0 0 0 0 0 0 0 0 0 0 0 0 0 
0 12 0 0 9 97 0 0 0 0 40 8 0 0 0 6 
0 0 54 36 24 0 0 0 0 0 56 0 0 0 0 64 
