11 15 12 11 15 8 10 12 15 17 12 14 14 14 10 14 16 14 14 10 14 13 16 13 13 13 16 17 11 13 10 14 13 17 15 11 13 13 13 9 14 15 14 12 18 10 12 11 17 15 15 15 14 14 14 15 15 16 16 17 12 18 15 9 
19 18 17 20 22 14 18 22 20 22 20 21 18 18 15 18 17 18 17 14 20 16 23 18 18 18 24 16 18 13 19 22 15 22 21 18 17 20 22 18 20 21 22 19 22 22 13 18 21 20 16 18 17 17 19 22 21 20 20 23 16 20 20 15 
10 13 16 12 23 10 8 20 16 19 14 17 13 16 14 10 16 15 18 9 15 11 19 8 18 16 17 15 13 10 12 14 14 18 16 12 15 16 20 12 12 16 14 16 19 13 11 15 14 14 16 15 11 18 17 22 18 14 18 16 15 18 17 15 
16 22 21 18 24 15 13 17 21 25 21 21 16 18 19 21 16 21 18 14 21 16 22 15 17 18 22 24 20 16 22 22 19 22 24 20 19 18 22 16 20 23 21 20 25 19 19 21 22 22 17 23 19 20 21 24 25 20 20 25 13 24 24 23 
18 18 16 17 21 14 11 20 20 22 18 20 16 21 15 16 19 20 19 16 17 16 21 15 21 17 18 17 21 15 20 21 19 22 18 21 17 17 18 16 19 20 17 19 21 18 15 18 22 22 13 16 18 17 24 23 23 19 20 24 18 20 22 16 
15 20 16 18 24 14 16 18 21 24 21 24 17 19 16 16 16 17 17 15 17 20 18 19 16 16 25 19 20 15 18 20 16 18 23 14 18 20 20 16 22 21 17 25 21 16 16 13 20 20 16 20 15 19 21 23 21 15 19 22 16 23 20 19 
16 22 18 21 22 15 13 20 19 24 19 21 13 19 10 16 15 16 18 10 18 19 18 18 16 18 16 18 17 13 21 21 15 20 21 17 19 20 20 14 20 21 19 19 23 19 17 16 19 15 17 16 16 14 17 21 22 18 20 21 17 17 19 19 
11 10 13 12 18 9 12 16 16 18 11 11 13 16 13 12 15 10 13 8 14 11 13 12 15 15 16 17 16 11 11 16 14 14 14 12 14 10 16 10 13 16 9 13 15 13 8 12 13 13 7 17 11 12 12 18 18 10 16 14 12 14 14 9 
15 14 16 15 21 10 11 18 16 23 16 15 14 19 15 17 18 19 15 12 17 14 21 14 17 16 22 17 18 11 15 17 16 18 17 13 11 11 18 12 17 18 15 16 19 14 16 17 17 20 11 22 18 17 21 20 20 12 22 19 15 19 18 21 
15 19 17 19 19 12 14 14 14 21 18 17 16 14 13 11 16 21 11 9 15 16 15 13 19 11 14 14 15 15 19 18 17 19 17 14 11 16 16 10 12 15 18 20 19 17 9 15 19 15 13 14 16 15 17 21 17 16 15 21 10 17 20 14 
14 21 18 18 21 11 13 16 20 21 16 21 20 19 14 19 18 20 15 17 17 18 22 15 20 13 17 19 15 14 18 19 18 21 19 18 17 17 20 14 16 20 17 17 23 19 13 21 21 22 18 17 20 19 21 21 26 20 16 23 12 21 20 15 
15 14 15 15 17 12 10 17 14 18 14 17 16 16 13 13 17 14 13 12 12 9 17 12 19 13 20 14 18 12 16 16 15 18 16 18 16 12 22 12 14 16 17 16 18 16 14 15 17 17 14 19 15 17 18 19 19 17 13 18 11 16 17 15 
16 15 16 14 20 14 14 21 13 17 15 15 15 12 14 13 13 14 17 6 16 17 17 13 13 13 14 17 19 13 15 17 19 20 14 15 15 15 16 13 15 19 15 16 16 18 11 15 14 16 11 13 12 13 16 19 20 14 20 21 16 13 16 14 
17 19 18 16 23 13 16 19 21 24 20 20 17 20 13 15 16 17 17 11 16 17 22 14 14 19 20 19 17 9 16 17 15 18 17 15 17 17 23 15 17 20 15 18 16 17 11 20 18 18 16 16 15 19 16 22 24 14 17 18 14 18 19 19 
15 19 19 15 19 12 14 16 16 21 17 18 12 15 11 11 13 14 11 12 14 15 21 15 18 13 18 17 16 14 16 15 15 20 18 14 17 19 21 13 15 18 17 19 17 17 13 17 15 16 14 16 17 14 16 21 18 19 14 20 11 18 19 16 
7 9 10 8 17 9 7 13 14 13 11 13 16 14 12 11 10 9 10 10 13 11 15 9 11 11 15 12 13 8 11 11 13 12 13 13 9 10 11 10 10 15 9 10 14 9 11 11 13 15 11 13 11 11 15 17 14 10 14 14 10 14 10 7 
19 19 21 20 27 16 16 23 20 23 19 25 20 22 13 20 21 18 21 16 19 14 22 21 15 20 25 23 24 18 20 22 21 24 18 21 19 21 23 20 22 22 22 16 23 20 16 20 21 23 17 24 16 22 23 25 24 23 23 24 16 25 23 20 
15 14 16 15 21 13 12 17 17 19 19 17 13 11 11 17 12 16 14 11 12 12 20 15 9 15 20 16 17 13 16 21 14 20 17 18 18 17 16 15 21 16 19 16 20 15 11 15 16 19 14 18 13 17 16 22 17 18 16 21 12 21 19 18 
9 10 10 14 17 8 11 14 12 14 11 13 13 9 11 12 13 11 10 10 8 7 15 8 12 12 15 12 15 10 10 17 13 12 12 14 12 8 12 7 13 12 12 12 15 12 8 12 12 17 9 15 15 15 16 16 14 13 10 15 9 14 13 13 
14 16 16 17 22 12 13 17 18 19 14 21 16 16 16 14 16 18 15 11 13 17 19 13 16 14 19 17 16 11 16 18 17 20 15 15 15 18 20 13 16 17 18 16 18 16 11 15 15 17 19 18 17 15 17 20 19 17 16 20 14 19 23 18 
11 14 13 14 17 10 9 12 12 15 15 17 10 12 8 12 11 9 11 11 13 14 16 16 9 11 13 12 14 9 13 10 12 16 14 14 12 13 17 12 13 12 13 14 18 14 13 14 10 15 11 18 15 11 15 14 16 13 12 16 11 16 12 16 
15 20 13 16 21 13 15 16 18 25 21 22 18 16 14 16 13 19 16 14 15 17 18 16 18 16 19 17 18 15 16 20 13 21 19 19 19 17 21 16 17 19 15 20 20 17 16 18 17 19 17 20 17 19 22 21 19 20 19 22 10 21 18 14 
11 11 16 13 21 10 11 19 18 19 16 13 14 14 12 17 17 16 14 11 14 11 18 14 14 15 18 14 18 14 15 19 18 18 17 17 18 16 14 12 20 18 15 15 20 12 12 17 16 20 10 19 12 18 17 23 20 16 20 19 14 18 16 16 
18 19 19 19 24 16 13 21 21 24 16 21 20 15 13 21 21 18 20 12 17 18 22 18 16 18 21 24 20 18 21 24 21 21 20 19 19 16 22 16 21 24 16 19 20 17 17 22 20 22 17 20 20 19 25 24 23 21 19 22 17 21 21 19 
19 18 17 12 20 13 10 21 16 21 19 20 15 19 14 16 15 18 18 15 17 15 24 14 19 17 20 18 19 14 19 19 15 20 19 20 16 17 20 12 19 20 18 20 20 20 22 19 21 21 18 17 20 16 22 22 24 17 19 22 18 20 19 17 
14 19 16 15 22 14 14 18 18 23 16 20 17 19 11 18 13 16 16 14 15 15 16 21 12 14 19 15 14 9 17 16 16 17 14 17 16 17 19 15 21 17 15 18 18 15 14 19 19 20 14 20 17 17 17 17 26 17 16 19 12 19 12 18 
19 15 12 15 23 11 16 17 16 22 21 19 21 20 16 17 15 15 12 13 15 14 20 17 17 16 19 11 17 7 14 17 16 16 15 15 14 16 19 11 19 19 18 19 19 18 14 15 19 24 18 20 17 19 19 19 20 12 20 23 14 18 15 17 
18 21 16 19 27 12 17 23 20 24 20 20 16 22 15 23 16 15 17 16 18 19 21 19 18 19 21 17 18 11 16 23 17 21 20 19 22 19 25 17 21 25 19 20 22 17 14 22 17 22 15 24 13 20 20 24 27 18 23 22 15 21 22 17 
16 19 17 18 22 13 9 18 18 22 19 18 14 16 14 17 13 17 14 15 17 13 23 16 16 15 20 18 18 13 18 18 16 18 18 18 16 16 20 15 15 19 19 15 26 19 16 19 14 20 14 19 19 15 18 20 25 18 17 22 12 18 19 19 
13 14 14 11 18 10 10 15 14 17 12 15 15 14 14 14 13 14 15 6 13 12 18 14 11 15 20 14 14 7 12 19 13 15 11 16 9 13 16 11 15 18 15 11 17 16 13 15 16 20 13 15 15 12 17 16 14 12 16 15 14 14 16 16 
15 18 16 18 23 12 13 20 19 26 17 17 17 18 15 16 18 14 20 14 18 18 24 18 17 19 22 18 18 11 15 19 17 23 19 20 18 19 21 12 17 19 14 17 25 16 19 20 14 19 18 20 19 18 19 24 23 14 22 20 17 20 20 17 
16 19 16 15 21 13 13 21 21 19 17 20 19 17 14 16 16 15 17 12 19 17 22 16 16 17 22 20 18 12 16 18 13 19 20 18 18 16 20 14 18 21 18 19 22 16 19 20 17 19 19 18 18 17 22 20 22 18 16 19 18 18 20 17 
12 11 12 12 18 9 13 18 11 17 13 15 15 14 14 17 15 14 16 8 12 12 12 13 13 13 14 14 16 8 12 20 14 18 12 15 17 13 20 14 16 17 15 16 17 17 7 14 15 17 16 16 10 16 16 19 17 16 15 19 12 15 16 14 
14 13 17 14 17 10 14 14 11 21 13 14 17 15 9 16 12 15 12 11 15 16 17 15 11 13 14 18 14 8 12 15 14 18 15 11 11 14 14 10 15 15 15 17 14 14 12 14 15 17 16 19 15 14 12 17 17 16 19 17 14 17 15 15 
13 15 14 17 17 11 15 14 14 20 12 19 20 14 13 16 18 12 11 11 13 12 16 14 12 15 21 17 18 11 16 16 18 17 16 17 16 13 21 11 13 19 18 16 16 17 12 11 18 18 15 20 14 16 17 21 17 16 12 19 11 19 17 15 
18 14 14 15 23 10 10 19 15 24 19 16 17 14 11 17 15 15 16 13 16 13 21 14 16 14 15 11 14 11 15 15 16 19 18 19 17 17 20 12 17 19 14 20 15 17 17 20 15 18 15 16 16 17 16 20 20 16 19 20 15 14 14 17 
14 18 15 16 19 13 14 14 16 26 15 20 13 17 12 13 13 18 15 13 16 15 19 16 18 15 17 19 13 11 15 18 14 17 16 14 11 16 16 12 16 18 14 15 17 16 15 15 18 17 13 16 17 13 16 14 20 18 18 21 11 17 15 18 
14 15 11 15 15 14 12 10 11 20 17 16 13 14 12 13 11 17 11 10 16 14 17 11 15 11 14 11 12 10 12 11 11 17 17 11 12 14 15 11 13 13 15 14 16 17 13 12 14 15 14 16 14 9 11 14 16 16 16 20 11 14 14 15 
11 9 14 15 17 11 11 16 17 15 12 13 12 15 13 11 17 15 13 9 14 9 16 9 14 15 19 13 13 10 12 17 13 15 15 13 14 13 16 13 16 13 17 11 21 11 9 12 12 13 12 17 11 14 16 19 14 14 14 15 11 18 15 13 
13 9 13 13 17 11 11 15 13 18 17 14 15 12 13 14 14 12 11 9 14 9 15 14 11 12 15 12 17 10 15 19 15 14 15 13 12 12 16 12 17 17 14 17 18 12 12 15 14 18 11 20 14 12 18 20 15 13 14 15 14 16 15 16 
14 15 15 17 17 9 13 15 17 19 17 18 18 15 14 16 18 17 15 15 13 15 18 16 19 12 16 15 15 13 18 20 18 20 13 17 17 16 16 12 19 18 15 17 21 18 12 20 18 18 14 16 20 17 17 23 20 15 15 22 14 17 23 16 
13 15 15 14 17 10 11 20 15 20 17 19 12 14 15 17 14 18 16 11 19 12 20 19 12 15 18 13 16 9 17 20 13 19 14 15 13 15 17 17 18 16 20 15 21 18 14 15 17 19 11 19 16 14 17 16 21 15 18 18 16 19 17 17 
19 16 17 19 24 15 13 20 20 28 22 19 20 16 14 21 18 18 17 13 17 15 23 21 19 17 23 18 20 13 21 23 17 21 20 22 18 17 22 18 22 21 19 21 24 18 16 19 22 25 15 21 18 20 27 23 24 18 20 22 17 23 18 19 
13 17 16 12 18 11 12 16 18 22 17 18 14 14 15 14 14 17 16 9 13 13 15 16 19 15 18 19 14 14 20 21 11 20 17 16 16 18 21 13 19 15 16 17 22 19 14 15 18 20 14 15 14 13 20 18 16 15 14 18 13 20 18 17 
15 18 14 14 18 9 15 19 18 21 15 21 18 16 12 18 15 13 14 11 14 11 15 18 12 17 23 16 20 10 18 21 14 13 18 18 20 15 20 13 21 19 16 16 18 15 13 14 21 24 15 21 13 21 22 20 19 17 18 15 14 19 15 14 
16 20 15 18 19 13 11 14 15 21 20 20 17 13 12 16 13 15 12 13 14 14 22 18 16 14 17 13 16 12 16 17 13 19 19 20 14 16 21 14 15 15 18 16 22 20 14 18 17 23 13 19 21 14 18 18 18 19 15 22 15 18 19 15 
11 16 11 14 15 10 12 14 14 18 15 16 12 11 12 13 14 10 12 11 13 9 15 15 11 16 17 16 14 10 11 15 10 16 15 12 15 14 20 13 15 16 15 13 19 16 13 12 11 15 12 16 11 12 15 16 16 14 12 17 14 16 17 15 
16 17 18 13 26 14 9 20 17 19 19 15 18 17 15 19 14 15 13 13 17 10 25 15 17 16 22 14 18 14 17 16 18 21 21 22 16 17 19 13 16 18 18 17 19 17 16 21 20 24 16 18 18 17 21 21 22 18 19 22 14 18 16 17 
12 18 15 11 21 8 12 17 17 15 11 19 17 16 10 15 11 11 13 8 14 10 15 15 12 16 16 18 17 11 15 14 14 14 13 11 12 12 18 10 12 17 12 16 12 16 10 15 17 18 12 15 13 15 16 17 18 14 13 14 9 16 10 8 
12 14 13 16 21 9 12 19 14 17 13 17 15 12 11 18 15 15 13 10 15 11 16 15 13 11 14 11 16 11 14 18 16 15 13 11 16 12 17 12 18 19 16 12 16 12 11 16 12 16 13 19 13 18 17 17 17 17 19 17 12 13 17 17 
14 11 11 11 12 7 10 15 11 15 12 11 14 10 14 9 13 12 10 9 10 9 14 11 10 13 17 10 13 8 14 15 12 8 13 12 11 11 13 8 12 14 11 12 14 12 9 11 14 14 10 12 11 14 14 16 15 6 14 13 10 9 11 11 
17 16 16 16 21 12 13 17 19 22 17 19 14 16 12 19 18 19 14 14 18 14 18 15 15 14 20 14 20 13 17 16 15 21 20 15 20 14 21 15 21 19 14 21 17 14 13 18 17 19 14 19 15 20 18 24 18 18 18 23 15 21 18 17 
15 12 8 14 19 10 11 15 14 21 18 13 14 15 11 14 16 13 14 8 10 12 14 14 14 17 18 15 12 9 13 15 12 15 13 13 14 15 20 11 13 15 12 11 19 15 8 12 14 14 19 16 10 14 14 19 16 13 17 14 9 15 14 13 
15 17 19 20 24 14 14 18 17 25 18 20 17 17 14 19 18 21 14 17 17 19 18 16 17 14 17 18 19 16 20 21 19 23 19 15 15 19 18 12 19 20 18 18 22 17 18 17 17 18 17 19 19 13 20 21 20 22 19 27 16 20 18 20 
17 18 18 19 24 10 17 26 16 25 21 22 22 16 13 23 20 15 19 17 15 17 23 21 20 16 22 18 21 15 19 20 22 21 23 21 20 18 26 14 23 25 20 24 19 18 17 19 22 24 17 22 18 24 24 24 26 21 24 23 19 21 20 21 
12 15 13 12 16 7 9 19 14 19 14 15 13 13 12 10 12 8 15 10 13 9 19 15 14 16 19 14 14 8 11 15 10 13 19 15 16 14 17 12 15 16 13 13 18 12 12 12 16 18 12 17 11 18 17 19 19 13 21 11 15 14 18 13 
18 15 17 16 24 12 16 18 17 27 18 19 20 21 19 17 20 15 16 17 18 18 21 20 17 19 24 20 19 10 16 18 19 19 15 16 16 19 22 16 18 22 17 22 21 19 15 16 19 21 17 22 18 19 18 24 26 13 20 22 17 22 19 18 
17 21 20 17 25 12 16 23 22 24 17 21 20 18 17 18 22 18 21 14 16 15 22 16 21 20 23 23 20 18 16 22 20 26 19 21 25 18 24 14 22 21 17 17 21 19 15 20 21 22 15 22 16 24 22 27 24 20 22 22 17 23 24 17 
9 11 11 12 13 7 11 11 13 14 13 14 13 14 9 9 12 12 12 10 11 13 10 9 11 8 12 12 11 8 14 12 11 15 12 13 9 14 12 9 11 9 12 11 16 10 10 12 13 13 12 12 10 13 14 12 15 10 12 13 9 15 13 10 
9 11 13 10 17 10 8 14 12 16 13 14 14 11 8 13 11 10 12 9 11 9 15 15 12 9 14 13 13 12 12 15 15 16 15 13 16 16 13 13 14 15 11 13 16 12 8 13 14 17 12 12 7 16 15 17 15 15 16 18 9 14 14 14 
22 15 18 18 24 12 14 17 16 24 21 17 17 16 18 17 18 17 12 16 14 19 22 17 19 18 22 19 20 14 20 21 18 19 16 17 14 15 18 11 18 21 17 21 22 18 14 15 19 19 14 21 17 17 19 23 20 13 19 26 14 21 18 19 
10 10 8 10 17 8 5 15 11 15 14 15 9 11 8 11 12 7 16 9 9 10 15 13 12 12 15 11 9 9 7 14 9 15 12 11 13 15 18 11 11 14 12 15 17 12 11 12 11 15 14 12 11 14 18 15 13 12 15 10 15 16 15 12 
13 13 9 14 15 9 12 14 12 18 16 14 11 11 12 15 15 12 11 13 10 13 16 14 14 12 16 12 13 13 14 16 14 16 16 15 16 16 18 13 15 15 16 16 20 13 10 12 11 17 14 16 13 11 17 18 14 17 11 20 7 19 14 13 
15 15 17 16 18 10 15 19 17 21 17 18 16 11 16 17 12 15 17 12 16 15 21 17 15 14 22 20 17 11 17 16 16 23 18 19 14 19 20 14 15 18 16 16 18 17 12 17 17 17 18 18 18 14 16 19 20 18 17 19 12 21 19 15 
