24 20 17 16 16 10 16 15 14 19 19 20 14 16 15 13 15 20 20 22 15 19 23 18 22 21 22 19 23 21 20 20 21 22 20 20 23 22 21 20 18 27 23 21 18 19 13 23 16 18 16 12 20 18 19 16 17 17 19 18 17 24 20 22 
22 16 13 16 15 15 17 15 11 20 16 15 10 17 15 16 16 15 22 17 14 10 22 16 18 19 14 19 20 16 19 19 15 15 18 19 26 16 17 19 15 19 22 17 13 16 18 19 13 18 13 11 18 18 17 15 17 18 17 17 14 17 18 19 
21 15 19 20 19 12 22 16 14 21 23 19 16 14 14 11 14 16 19 17 13 15 22 17 18 19 17 22 22 19 19 18 14 18 21 17 23 22 18 17 19 21 24 20 16 20 14 19 20 19 16 13 19 19 17 16 17 21 16 19 19 16 20 17 
22 17 17 18 19 14 20 14 16 22 21 20 15 18 15 14 13 18 17 19 13 16 23 16 22 17 18 23 23 17 17 18 18 18 22 14 19 20 17 22 19 22 20 19 15 18 16 21 20 14 16 16 17 21 15 15 17 17 17 18 16 15 16 20 
19 15 14 15 14 8 13 13 13 13 16 18 14 16 15 13 13 12 14 14 12 12 18 16 16 17 14 20 17 15 16 13 16 18 15 15 18 20 16 16 14 18 16 21 13 18 12 17 11 13 12 13 15 18 16 11 17 17 15 16 15 15 12 18 
13 14 11 12 9 11 12 10 13 14 9 13 12 12 9 13 12 14 11 13 8 11 15 14 16 16 13 14 15 12 17 16 13 15 13 15 15 15 11 16 12 15 14 14 11 9 9 13 10 12 11 10 12 16 13 9 14 14 15 15 11 19 11 17 
19 15 16 19 19 12 19 15 15 16 16 16 15 17 15 14 14 17 18 19 16 17 18 18 17 15 13 20 25 12 22 17 14 19 15 16 22 18 15 21 14 21 22 18 17 22 11 17 19 11 19 17 16 20 17 14 15 15 19 19 19 18 16 20 
17 12 11 10 11 9 13 7 5 14 13 9 10 10 16 6 10 12 11 12 11 9 16 13 13 12 10 13 16 11 16 12 16 15 10 11 15 15 14 12 13 14 10 15 12 14 11 16 10 14 11 5 15 11 13 12 15 11 13 16 15 14 14 16 
22 16 13 15 15 13 19 16 13 15 15 12 14 19 16 16 12 10 18 19 13 13 22 17 18 14 13 18 19 15 20 14 15 20 17 13 23 21 17 19 19 22 20 18 20 20 14 19 17 19 13 15 14 20 19 12 15 20 13 14 19 15 12 17 
22 14 13 17 11 10 14 13 9 16 17 15 13 18 14 12 11 10 11 15 10 10 17 15 17 17 12 22 13 14 15 12 11 15 13 15 18 16 18 15 14 19 15 15 15 16 14 13 14 15 12 10 14 18 16 13 16 20 15 16 14 17 15 17 
24 16 15 16 15 11 16 12 11 16 13 17 11 17 13 14 16 14 15 16 12 17 20 12 15 12 14 18 15 17 19 17 13 19 15 19 21 17 12 17 17 21 18 17 16 18 10 17 14 17 14 11 15 17 18 12 17 18 15 14 13 18 18 15 
18 15 15 17 14 11 15 14 12 16 15 15 9 15 15 12 10 11 15 15 13 18 17 16 15 17 12 17 18 15 20 12 16 15 15 15 20 18 12 17 14 16 18 14 17 21 8 15 14 15 13 13 14 16 17 12 12 16 13 16 14 14 15 17 
24 19 17 22 18 15 19 16 16 22 20 18 12 24 17 16 17 14 23 20 12 16 23 19 23 17 18 18 23 18 25 18 19 20 20 20 23 20 20 23 15 26 23 18 21 24 15 24 15 16 16 15 18 19 19 17 21 20 16 19 21 22 20 24 
21 14 14 14 19 13 19 14 10 18 17 16 13 19 12 15 16 16 15 15 15 12 21 14 15 17 18 20 17 17 21 19 14 20 15 18 22 17 16 17 15 19 22 20 11 17 16 18 15 18 13 7 18 16 17 15 18 18 17 14 14 22 18 18 
21 17 16 16 16 11 17 16 15 21 16 19 12 18 16 14 16 18 18 18 14 19 21 19 20 19 14 19 22 17 20 15 18 19 19 14 22 18 17 22 18 24 19 15 15 17 13 23 14 19 15 15 16 16 19 14 19 20 18 17 16 20 20 18 
17 13 10 13 9 9 13 11 5 12 12 11 8 12 11 10 10 16 14 12 12 11 15 10 11 11 11 9 17 15 13 11 14 12 12 12 14 14 14 14 13 20 14 12 11 13 10 10 11 12 10 7 12 10 8 11 11 9 13 13 11 13 12 14 
20 17 16 19 18 15 22 20 17 20 23 23 13 19 17 12 17 16 20 18 13 16 24 19 23 18 17 24 24 18 22 18 16 19 22 20 26 21 20 24 16 22 23 17 17 19 17 23 18 16 17 9 20 20 18 17 20 22 17 22 22 23 19 25 
26 21 16 20 19 13 21 13 12 19 16 20 12 18 20 20 16 19 22 20 20 17 22 14 21 17 16 16 24 18 25 17 19 19 20 20 26 19 17 25 19 24 20 20 17 21 15 20 16 17 20 15 18 18 20 17 18 20 18 20 16 18 23 23 
21 17 11 19 13 13 14 13 11 16 19 11 10 17 16 13 13 13 16 13 12 14 16 13 16 15 13 18 19 16 16 13 12 17 14 12 20 17 15 16 13 16 15 13 16 17 12 16 13 16 15 13 14 16 17 15 14 18 13 16 13 16 16 15 
18 17 16 14 14 16 21 13 11 19 17 16 13 12 15 13 12 18 15 16 12 12 19 17 19 17 16 16 22 14 18 16 14 15 19 14 20 16 16 19 16 19 19 16 13 13 13 19 18 11 16 13 19 17 19 17 14 17 18 19 15 16 19 18 
13 14 9 12 10 6 11 12 13 14 12 16 11 10 15 11 8 9 17 13 11 11 14 10 18 14 11 16 15 11 12 13 10 12 13 12 19 18 13 16 12 11 14 17 12 17 8 15 10 13 10 12 10 17 16 13 12 14 10 12 11 10 11 12 
20 19 15 17 15 17 18 16 13 22 20 18 14 14 19 14 17 19 17 17 15 18 18 17 25 19 17 19 22 13 21 16 17 16 18 16 25 17 17 23 20 23 19 19 17 19 16 22 16 17 14 14 17 18 20 20 18 18 18 20 15 19 18 21 
16 13 12 13 13 9 14 12 11 15 17 17 10 13 14 14 13 12 12 16 10 14 16 12 16 14 16 15 18 14 19 12 15 17 15 10 16 17 13 17 14 19 19 13 14 12 9 16 14 15 10 11 13 15 16 13 11 17 12 16 12 16 13 14 
18 16 14 15 14 16 17 16 9 15 15 12 14 17 14 13 16 16 15 12 9 12 21 16 14 15 12 17 14 16 15 14 13 15 14 14 19 11 16 15 17 17 14 16 12 15 14 16 13 13 10 9 14 16 12 14 17 15 17 13 17 18 14 15 
22 15 14 19 17 15 21 18 10 17 18 16 13 16 16 15 14 15 19 19 14 13 22 23 19 17 15 21 22 19 19 16 16 16 22 18 25 14 18 23 18 20 22 15 13 18 16 22 16 17 14 12 18 20 19 14 15 19 16 19 19 17 17 19 
17 15 11 12 14 11 17 13 11 15 11 13 14 15 15 16 13 18 15 12 13 12 17 12 17 15 13 18 13 12 22 16 13 14 11 12 19 14 15 17 13 14 17 18 13 15 12 15 12 15 12 10 14 16 15 17 17 19 16 15 15 17 14 15 
20 13 10 15 17 12 20 12 12 15 19 17 10 13 15 15 9 16 15 11 15 13 18 13 18 16 15 15 21 13 21 15 14 15 19 15 19 17 13 18 13 20 17 17 12 16 10 18 14 12 14 8 13 16 18 13 12 17 10 17 16 17 15 17 
23 17 13 18 20 13 21 13 17 17 17 18 15 17 20 16 14 16 20 15 16 16 20 18 21 20 15 21 23 16 21 15 16 16 21 17 23 21 15 23 20 23 23 17 24 19 17 18 20 16 13 16 19 20 15 17 17 22 17 15 17 15 16 21 
25 19 10 15 17 13 16 13 10 16 15 19 12 15 18 18 15 18 18 21 17 18 21 16 20 18 18 23 20 19 20 18 21 19 16 16 24 19 14 22 17 22 19 20 19 21 15 20 15 19 12 8 18 20 18 16 17 19 16 17 15 21 17 20 
25 16 14 17 12 11 16 14 9 16 15 13 9 16 16 13 12 14 18 15 18 13 20 16 17 17 11 18 23 17 20 10 15 13 16 17 22 15 16 17 21 22 19 15 16 18 13 18 12 16 14 11 17 19 15 10 19 15 17 17 17 14 13 16 
15 17 14 16 11 10 13 15 14 19 16 16 14 13 13 14 12 12 16 17 11 12 20 18 20 18 16 17 20 14 18 14 13 18 19 17 19 20 16 18 16 18 19 15 14 14 13 17 13 17 11 13 14 19 17 11 16 15 20 15 16 18 11 15 
16 16 6 8 8 8 11 15 11 14 14 10 10 12 13 13 6 14 16 12 13 9 15 13 14 15 13 14 18 15 15 12 14 13 15 12 16 19 17 12 14 16 15 13 13 14 11 15 13 17 9 13 15 12 16 13 14 16 14 13 12 13 13 14 
22 17 14 17 16 12 18 17 15 19 15 18 9 16 16 16 16 15 19 23 13 14 23 18 21 16 14 21 20 17 17 17 16 17 18 18 24 17 16 20 18 21 21 18 17 17 16 21 18 19 14 14 17 22 17 14 17 19 21 17 20 19 16 17 
22 14 12 16 10 11 15 13 10 15 14 15 12 15 16 14 11 13 15 15 17 12 15 11 12 15 9 14 20 11 18 11 10 13 15 15 20 13 14 17 15 22 15 14 13 15 10 12 14 14 12 13 14 16 14 14 15 16 16 13 10 16 15 13 
17 13 17 15 14 9 15 15 15 18 16 18 10 13 12 11 12 13 16 18 13 17 21 13 18 18 15 16 20 16 19 14 15 16 18 13 22 18 17 18 16 21 22 16 16 16 9 17 18 17 13 15 15 17 15 12 12 16 13 17 15 13 14 15 
18 11 12 14 11 8 14 11 9 15 14 15 11 13 10 12 10 14 13 13 13 14 14 14 16 13 13 18 14 15 15 13 14 11 12 12 14 19 14 15 12 18 18 13 15 18 11 12 15 12 11 9 16 11 14 16 16 18 14 15 15 14 15 21 
17 13 15 15 16 11 18 13 13 17 20 18 13 13 13 12 12 14 14 15 13 11 20 17 20 17 18 16 17 16 15 14 15 15 18 14 20 14 14 18 17 15 17 13 13 12 13 20 16 17 12 11 20 13 13 12 15 18 15 15 14 15 16 15 
25 18 15 13 18 9 20 17 13 15 15 18 13 17 17 15 17 22 21 19 19 16 23 16 18 18 15 17 23 18 25 17 18 18 22 23 24 22 16 21 21 29 23 18 19 17 11 20 18 18 17 13 18 19 19 13 16 17 19 18 17 19 18 23 
24 22 17 19 18 14 21 13 16 19 17 17 11 21 14 17 15 17 22 17 17 19 23 16 20 15 17 21 22 18 18 20 19 20 17 18 24 23 14 20 18 23 19 22 20 23 12 23 17 14 18 14 18 17 20 12 17 19 19 17 15 19 17 20 
20 18 17 19 15 11 16 11 13 20 17 17 10 15 13 13 16 16 15 16 13 16 20 14 18 17 14 17 21 18 20 17 16 16 18 16 21 16 15 18 15 19 22 14 15 16 13 15 14 14 15 14 16 14 15 18 16 17 16 18 17 18 19 17 
20 16 15 15 16 14 21 13 11 14 15 10 13 15 16 13 11 13 15 13 13 9 18 20 18 16 14 19 17 15 18 15 11 16 16 16 22 18 16 18 17 17 18 14 18 17 14 15 16 14 16 12 17 16 17 16 14 18 15 16 16 16 15 18 
12 12 14 13 9 10 14 10 9 11 12 9 7 11 12 7 7 10 12 10 8 9 15 12 18 11 10 9 10 12 10 13 15 9 12 13 16 12 13 9 9 11 11 11 11 14 8 12 8 9 10 9 12 8 12 10 12 12 9 11 12 10 14 15 
16 10 12 14 14 12 14 11 10 16 14 15 11 17 9 11 11 10 13 13 8 11 15 9 13 13 14 16 16 15 15 12 10 16 15 8 15 15 11 14 13 16 14 10 13 13 12 16 14 12 11 8 14 13 9 14 12 17 12 8 8 13 12 12 
21 17 16 15 16 11 18 13 13 15 17 17 15 16 15 16 8 16 18 20 14 14 19 20 19 19 18 19 20 18 20 18 16 19 21 20 21 19 19 17 19 24 23 17 15 18 14 18 17 15 13 16 21 20 20 11 17 20 19 17 13 16 16 21 
19 16 16 15 11 9 15 14 10 17 17 13 9 13 15 12 8 13 14 14 12 14 16 13 17 16 13 13 15 16 16 9 15 14 16 16 20 13 18 15 16 19 17 15 13 14 12 19 11 13 11 12 15 15 15 13 14 19 16 17 14 16 17 17 
19 15 16 18 13 10 16 16 13 18 15 21 10 17 15 12 12 16 20 22 15 18 20 19 19 20 15 18 25 18 17 15 15 18 18 15 25 20 17 25 15 22 19 16 18 17 13 17 19 16 15 14 16 23 17 16 13 19 18 18 16 18 16 20 
23 16 13 17 14 14 19 14 11 16 18 15 16 17 12 20 13 17 17 16 11 15 18 13 16 15 14 17 16 15 20 15 14 14 18 14 21 16 15 17 17 21 20 15 16 16 14 18 14 13 11 14 15 17 15 14 16 20 13 14 17 19 15 21 
18 18 15 13 14 10 16 13 11 17 14 14 10 15 14 12 13 18 17 15 14 12 22 16 18 17 15 17 21 18 19 17 17 16 18 15 20 18 16 19 17 18 17 16 12 12 9 20 16 15 15 10 16 14 18 11 14 12 17 18 12 15 15 16 
23 14 18 18 10 13 19 15 11 21 18 16 14 14 10 17 10 14 19 18 16 14 20 20 18 19 12 17 20 16 16 15 14 15 18 13 26 20 17 16 17 21 19 16 16 19 11 20 17 18 16 15 15 16 21 14 13 21 16 17 17 16 18 18 
24 20 16 22 15 15 21 19 17 22 19 18 16 20 19 17 16 20 23 21 16 15 25 23 25 20 18 22 27 20 19 22 20 19 21 20 25 19 20 25 22 22 21 23 20 21 17 23 21 20 16 15 19 23 18 18 20 21 21 19 21 20 19 20 
16 17 14 17 18 10 21 13 14 12 13 15 12 15 14 13 8 15 19 12 15 14 22 19 18 17 15 16 21 16 20 17 12 18 19 16 24 19 12 18 12 15 17 14 15 18 10 14 14 13 13 13 18 15 17 11 13 16 16 11 12 16 13 12 
21 18 20 22 14 13 21 20 14 24 21 21 13 22 9 17 18 19 21 21 11 18 24 18 20 16 17 25 22 20 20 19 13 19 20 17 24 22 20 22 15 23 24 18 21 22 14 21 21 13 16 16 16 20 16 19 16 21 20 21 20 22 20 22 
22 18 17 21 19 16 22 16 11 20 20 17 19 17 17 15 14 16 17 20 17 15 21 20 23 19 22 21 22 19 21 18 18 17 21 16 25 21 18 24 18 23 21 18 17 19 14 22 17 20 15 16 18 18 18 17 16 18 16 17 15 21 17 19 
21 15 17 22 12 10 17 13 10 19 18 19 11 18 19 13 10 14 20 16 17 13 16 18 20 16 15 16 23 17 20 14 12 17 16 16 23 19 20 20 16 21 18 15 15 19 13 21 14 17 17 12 18 16 18 18 18 20 19 20 14 18 18 18 
19 19 11 13 14 11 19 15 12 14 13 15 15 15 17 18 13 15 18 17 17 14 19 15 18 15 14 14 21 14 17 16 16 17 18 17 21 21 11 20 19 20 16 18 19 20 12 17 18 15 14 15 14 17 20 13 15 17 18 13 15 16 15 20 
15 15 12 16 12 9 9 11 12 14 13 15 12 14 9 11 15 13 14 16 9 16 14 16 13 11 14 17 19 12 16 16 12 16 12 16 19 12 11 18 12 19 17 12 14 14 9 16 13 11 10 11 14 13 15 9 14 13 17 13 9 21 15 12 
16 13 15 12 14 9 19 10 13 17 16 15 11 13 12 15 12 14 18 15 10 8 20 14 17 17 14 16 17 13 19 16 13 19 18 16 19 20 15 16 15 17 20 17 15 12 11 17 12 13 12 10 16 15 15 10 13 18 15 17 13 16 16 16 
20 15 15 17 14 13 15 16 14 18 15 15 12 12 14 12 12 15 17 14 11 13 17 16 19 15 13 18 19 14 15 16 14 17 14 14 25 14 14 16 15 18 14 15 17 14 12 19 15 15 15 16 16 18 14 12 18 18 19 17 18 15 15 15 
22 21 18 18 18 14 20 12 17 17 16 16 12 16 18 16 16 16 19 15 10 12 23 20 17 19 13 13 20 18 20 16 18 17 22 19 23 17 17 19 13 22 19 17 18 15 12 18 14 12 15 17 16 19 14 14 15 16 18 18 20 17 17 19 
17 13 11 16 8 12 11 12 10 14 14 13 10 17 10 10 11 10 12 11 8 12 17 15 15 12 11 17 14 16 15 12 11 13 11 17 15 17 18 13 13 19 14 14 16 16 7 15 12 12 6 11 12 13 11 11 12 13 9 16 17 17 11 16 
27 21 19 21 18 17 18 16 12 22 18 20 14 21 17 17 16 20 19 20 16 19 26 18 22 19 18 20 24 21 24 23 22 21 19 18 25 17 16 19 17 26 18 19 18 22 13 22 16 19 16 15 20 20 19 16 24 20 21 19 19 22 22 19 
17 14 12 12 10 11 13 12 10 17 12 18 11 13 12 14 13 14 16 16 15 13 16 17 15 16 11 17 17 14 15 15 12 14 11 13 21 14 14 16 12 15 17 13 12 19 12 14 14 17 12 13 15 16 16 15 16 16 16 16 14 16 16 16 
20 19 16 16 12 14 17 18 13 18 15 17 17 19 14 20 16 16 19 24 17 18 19 15 18 18 14 20 22 16 19 17 16 19 14 15 27 21 17 20 20 22 22 18 19 20 14 19 19 18 13 13 18 19 20 16 18 23 20 15 15 19 18 20 
21 14 16 17 18 10 18 13 13 18 15 20 10 19 15 16 16 15 19 17 14 12 21 15 22 15 18 23 17 18 19 17 15 18 16 16 23 16 16 21 13 17 22 17 18 18 13 20 15 13 16 11 16 20 16 15 18 20 17 17 17 15 17 18 
