1386 1255 1504 1209 1167 1240 1283 1243 1112 1300 1281 936 1161 1155 1388 1187 928 1263 1237 1296 1266 1177 1266 1068 1023 1250 1273 1254 1163 1113 1219 1329 1307 1217 1295 1365 1006 1076 1118 1221 1087 1143 1027 1176 1070 1437 1231 1250 1255 1254 1394 1103 1077 1227 1370 1127 1139 960 1166 1259 1147 1425 1274 1254 
1364 1285 1548 1174 1276 1286 1319 1285 1103 1394 1174 1336 1211 1243 1427 1314 1288 1281 1134 1306 1306 1166 1398 1240 1196 1399 1592 1312 1453 1226 1202 1348 1579 1223 1372 1369 1380 1319 1218 1449 1378 1251 1111 1167 1255 1463 1265 1349 1270 1333 1392 1154 1241 1319 1430 1233 1351 1367 987 1055 1261 1397 1417 1361 
1506 1468 1634 1279 1386 1303 1463 1464 1192 1419 1370 1333 1343 1404 1464 1383 1373 1436 1340 1460 1478 1234 1527 1353 1260 1431 1532 1270 1338 1413 1388 1432 1504 1339 1540 1463 1530 1395 1321 1475 1284 1355 1301 1232 1258 1558 1471 1332 1382 1429 1445 1247 1258 1360 1584 1384 1286 1268 1113 1179 1312 1648 1370 1424 
1484 1455 1539 1406 1359 1340 1319 1251 1214 1449 1288 1258 1175 1229 1399 1217 1115 1287 1160 1445 1489 1158 1436 1217 1156 1291 1384 1292 1390 1287 1180 1394 1442 1356 1254 1356 1255 1180 1266 1453 1407 1315 996 1051 1201 1401 1268 1338 1257 1344 1347 1185 1278 1254 1485 1352 1291 1239 1040 1078 1347 1494 1301 1330 
1202 1254 1540 1272 1039 1217 1177 1214 1138 1356 1181 1139 1032 1101 1338 1249 1103 1232 1041 1307 1095 1089 1170 1134 1024 1165 1320 1230 1161 1132 1167 1306 1351 1254 1328 1236 1202 1132 1009 1188 1248 1125 1035 1120 1005 1423 1096 1290 1092 1232 1341 1133 1154 1222 1305 1116 1159 1072 1046 1037 1195 1245 1126 1065 
1213 1211 1288 1086 1051 1163 1218 1197 1158 1216 1111 1037 1041 1175 1308 1097 997 1189 1014 1254 1259 1109 1295 1051 897 1209 1092 1234 1147 1219 1186 1211 1276 1102 1217 1271 1038 1289 1053 1204 1163 1081 974 1087 1087 1275 1152 1277 1134 1214 1218 1003 1149 1160 1314 1056 1042 1030 909 1169 1154 1305 1201 1217 
1454 1496 1655 1279 1324 1444 1377 1482 1303 1364 1448 1193 1223 1224 1378 1356 1316 1391 1331 1491 1482 1348 1517 1281 1201 1313 1415 1314 1449 1415 1532 1322 1525 1306 1594 1432 1230 1171 1350 1567 1357 1303 1139 1293 1277 1578 1308 1480 1326 1362 1482 1359 1334 1375 1518 1241 1394 1170 1268 1210 1341 1473 1368 1548 
1338 1339 1354 1135 1225 1319 1374 1181 1146 1266 1273 1069 1256 1188 1373 1129 1109 1261 1144 1357 1360 1100 1440 1218 1040 1368 1215 1292 1255 1264 1227 1235 1404 1224 1400 1273 1115 1250 1245 1335 1208 1111 1101 1184 1166 1313 1291 1292 1294 1336 1396 1207 1330 1179 1426 1167 1165 1095 1025 1176 1193 1529 1272 1351 
1161 1242 1398 1115 1258 1325 1250 1365 1114 1297 1243 1126 1086 1083 1250 1313 1226 1247 1003 1336 1397 1110 1345 1215 1037 1250 1202 1070 1293 1138 1283 1367 1225 1133 1287 1305 1163 1043 1175 1387 1176 1019 881 1020 1139 1411 1280 1284 1143 1233 1334 1140 1188 1310 1370 1164 1203 1076 1099 985 1246 1187 1124 1227 
1244 1343 1520 1243 1240 1396 1263 1417 1212 1292 1274 1143 1171 1222 1385 1303 1290 1267 1311 1360 1282 1303 1452 1212 1127 1229 1410 1256 1425 1216 1364 1315 1409 1243 1503 1286 1184 1327 1223 1433 1266 1215 1078 1209 1213 1428 1242 1431 1399 1234 1459 1405 1220 1329 1458 1191 1188 1247 1083 1177 1231 1518 1303 1330 
1575 1453 1641 1256 1252 1330 1459 1305 1198 1432 1434 1157 1253 1231 1551 1425 1228 1341 1282 1546 1421 1301 1484 1235 1217 1469 1644 1359 1382 1304 1244 1537 1553 1482 1521 1331 1411 1311 1279 1434 1397 1175 1279 1414 1136 1639 1376 1284 1391 1532 1523 1304 1268 1360 1504 1284 1404 1241 1237 1176 1388 1552 1422 1394 
1255 1303 1400 1159 1335 1228 1240 1237 1073 1298 1274 1314 1268 1142 1213 1263 1208 1210 1186 1283 1248 1014 1467 1240 1025 1282 1388 1141 1356 1259 1142 1378 1391 1326 1288 1299 1258 1100 1231 1455 1314 1192 962 1090 1159 1334 1355 1272 1145 1404 1261 1171 1098 1245 1489 1261 1189 1107 1039 1118 1295 1250 1383 1297 
1165 1414 1330 1157 1218 1307 1221 1255 1127 1333 1207 1131 1125 1222 1323 1343 1249 1322 1125 1369 1250 1063 1515 1226 1032 1316 1257 1251 1400 1280 1226 1302 1354 1280 1339 1332 1161 1319 1201 1360 1282 1215 1097 1142 1158 1199 1256 1295 1235 1311 1306 1225 1268 1200 1408 1217 1221 1135 1025 1212 1254 1499 1266 1267 
1484 1388 1564 1289 1214 1401 1381 1415 1196 1366 1224 1246 1215 1391 1327 1320 1193 1325 1255 1380 1361 1237 1468 1177 1140 1394 1454 1400 1345 1311 1185 1388 1499 1386 1397 1369 1185 1263 1144 1349 1308 1261 1188 1282 1166 1438 1299 1392 1343 1384 1403 1222 1182 1242 1610 1297 1224 1151 1085 1312 1365 1449 1349 1429 
1366 1384 1567 1232 1259 1413 1446 1432 1192 1409 1304 1115 1160 1292 1372 1245 1242 1276 1266 1347 1401 1208 1449 1332 1138 1306 1482 1177 1523 1321 1379 1377 1575 1228 1395 1417 1284 1236 1302 1381 1292 1290 1093 1362 1263 1437 1452 1320 1392 1330 1451 1201 1171 1342 1549 1251 1379 1174 1167 1122 1179 1469 1443 1473 
1281 1262 1562 1131 1216 1469 1316 1342 1129 1282 1295 1021 1053 1136 1238 1278 1200 1177 1159 1227 1281 1256 1340 1195 1034 1233 1309 1198 1310 1153 1257 1283 1385 1190 1352 1250 1159 1177 1112 1343 1251 1126 1015 1185 1205 1484 1123 1393 1255 1251 1296 1139 1090 1295 1352 1107 1208 1162 1100 1143 1235 1192 1314 1220 
1154 1140 1297 929 957 1108 1094 1062 956 1131 1079 1095 1010 1022 1107 1080 1022 1028 906 1127 1037 997 1150 942 900 1053 1234 1109 1089 1030 974 1174 1177 1163 1105 1043 1107 1074 1001 1200 1137 1073 937 944 1023 1192 1036 1135 1030 1161 1212 967 1017 1053 1361 939 1053 979 996 869 1064 1179 1108 1033 
1253 1398 1526 1212 1219 1277 1371 1290 1165 1336 1251 974 1102 1246 1433 1377 1193 1235 1020 1480 1275 1155 1422 1195 1098 1300 1444 1142 1370 1158 1306 1357 1382 1149 1355 1288 1194 1225 1372 1385 1226 1193 1131 1211 1207 1383 1393 1239 1173 1125 1382 1236 1159 1205 1436 1168 1233 1150 1119 1106 1059 1461 1261 1205 
1249 1219 1300 1014 1278 1236 1277 1272 1098 1318 1228 1170 1185 1032 1273 1254 1196 1164 1166 1336 1196 1176 1343 1000 1102 1349 1380 1174 1266 1198 1227 1303 1319 1164 1343 1300 1108 1051 1254 1282 1168 1254 1060 1077 1073 1317 1221 1169 1261 1334 1292 1128 1230 1232 1324 1177 1267 974 1117 1021 1068 1392 1237 1398 
1548 1612 1702 1454 1350 1482 1314 1591 1422 1461 1479 1392 1310 1313 1531 1565 1372 1485 1514 1581 1457 1340 1498 1314 1322 1397 1648 1448 1534 1490 1540 1533 1678 1489 1687 1495 1558 1301 1370 1706 1451 1458 1329 1284 1356 1720 1475 1530 1336 1515 1637 1328 1292 1547 1610 1456 1486 1391 1247 1326 1527 1538 1526 1593 
1350 1342 1348 1017 1363 1234 1212 1146 1090 1231 1249 1087 1217 1141 1346 1272 1110 1315 1096 1383 1276 1080 1422 1154 1116 1291 1341 1280 1321 1319 1300 1397 1350 1220 1287 1209 1215 1236 1211 1293 1293 1086 1167 1108 1123 1357 1225 1194 1128 1290 1445 1168 1306 1204 1333 1317 1260 1098 1093 939 1132 1394 1166 1289 
1145 1131 1149 836 1103 1120 1096 1120 941 930 1109 952 974 955 1133 1006 1089 1100 1021 1166 1175 1094 1164 1019 780 1020 1201 1114 1066 1124 1109 1081 1168 1075 1162 1126 1103 1052 973 1214 1177 1048 1024 1012 1074 1284 978 1070 961 1173 1199 1050 1027 1029 1160 910 1021 954 902 964 1051 1253 1239 1168 
1305 1215 1484 1252 1235 1158 1213 1253 1134 1261 1170 1202 1233 1218 1363 1276 1193 1308 1260 1376 1245 1070 1414 1208 1071 1316 1321 1283 1369 1283 1251 1238 1569 1210 1388 1328 1222 1338 1155 1440 1275 1143 1095 1212 1194 1328 1232 1205 1211 1348 1461 1223 1249 1345 1482 1128 1344 1199 1003 1065 1318 1330 1440 1320 
1571 1475 1631 1366 1429 1497 1463 1493 1313 1505 1520 1202 1231 1310 1513 1381 1347 1481 1306 1521 1534 1376 1556 1344 1231 1384 1548 1352 1434 1501 1473 1557 1567 1390 1602 1570 1332 1268 1319 1472 1476 1327 1218 1356 1274 1615 1398 1431 1415 1526 1542 1338 1442 1418 1480 1382 1398 1260 1315 1299 1188 1604 1449 1518 
1503 1616 1709 1364 1508 1610 1412 1553 1390 1379 1472 1325 1429 1545 1589 1557 1322 1506 1425 1477 1536 1378 1688 1362 1300 1423 1487 1527 1617 1436 1601 1536 1706 1469 1607 1515 1459 1408 1358 1564 1474 1398 1247 1348 1477 1645 1532 1669 1357 1427 1713 1307 1448 1590 1818 1492 1433 1517 1273 1313 1443 1496 1533 1556 
1253 1307 1414 1161 1200 1125 1223 1190 1256 1192 1208 1121 1131 1039 1320 1178 1082 1320 1087 1391 1288 1007 1404 1171 969 1241 1171 1086 1216 1244 1170 1388 1329 1182 1325 1237 1144 1202 1111 1378 1166 1027 970 1057 1039 1366 1260 1236 1138 1331 1289 1142 1133 1104 1364 1184 1229 1062 993 1015 1129 1334 1133 1290 
1415 1451 1473 1321 1285 1353 1187 1286 1359 1433 1302 1214 1314 1283 1403 1271 1152 1310 1237 1486 1335 1164 1588 1147 1177 1319 1378 1436 1380 1279 1321 1368 1420 1425 1492 1425 1181 1227 1214 1529 1194 1283 1177 1221 1154 1451 1250 1339 1403 1447 1439 1345 1287 1341 1596 1240 1241 1231 1180 1246 1344 1573 1293 1394 
1387 1417 1616 1301 1295 1487 1347 1383 1283 1421 1386 1114 1297 1406 1372 1405 1345 1260 1267 1448 1361 1328 1737 1212 1273 1370 1471 1311 1435 1338 1443 1393 1321 1399 1500 1354 1267 1353 1340 1550 1369 1190 1207 1342 1317 1621 1370 1504 1489 1366 1534 1370 1276 1374 1679 1367 1293 1262 1283 1236 1322 1494 1281 1334 
1256 1181 1328 1245 1313 1322 1251 1204 1148 1282 1283 1162 1176 1010 1256 1212 1222 1256 1288 1295 1270 1176 1480 1170 954 1291 1258 1238 1323 1224 1202 1295 1333 1308 1338 1420 1133 1137 1058 1323 1271 1146 966 1152 1075 1302 1153 1299 1297 1403 1266 1215 1254 1248 1396 1213 1248 1092 1060 1179 1242 1394 1344 1264 
1317 1242 1374 1193 1291 1231 1268 1350 1154 1217 1205 1249 1246 1131 1481 1349 1168 1196 1220 1399 1336 1207 1360 1134 1072 1270 1316 1332 1220 1227 1346 1321 1363 1250 1474 1353 1201 1135 1191 1368 1143 1168 1094 1052 1111 1395 1360 1351 1240 1376 1403 1146 1276 1251 1495 1195 1311 1137 1058 1065 1188 1425 1275 1463 
1303 1186 1393 1145 1349 1119 1145 1229 1045 1264 1225 1170 1246 1063 1337 1257 1276 1189 1216 1357 1253 1146 1406 1215 1053 1186 1335 1198 1288 1248 1283 1165 1363 1238 1323 1376 1219 1192 1220 1338 1194 1076 1136 1148 1137 1373 1310 1262 1332 1345 1378 1194 1198 1233 1451 1211 1235 1072 1080 1101 1196 1558 1396 1313 
1412 1359 1462 1273 1318 1326 1271 1249 1166 1213 1227 1164 1135 1183 1271 1302 1186 1259 1265 1491 1431 1225 1523 1110 1149 1344 1285 1252 1261 1302 1248 1243 1455 1287 1355 1311 1225 1240 1380 1347 1301 1311 1167 1122 1227 1372 1192 1297 1239 1404 1307 1286 1244 1261 1475 1247 1278 1219 1025 1050 1228 1511 1388 1402 
1408 1344 1558 1272 1304 1327 1283 1291 1168 1352 1323 1149 1208 1191 1282 1390 1124 1178 1159 1329 1281 1150 1400 1167 1141 1216 1274 1192 1304 1230 1358 1470 1321 1262 1360 1367 1203 1170 1180 1321 1319 1199 1040 1174 1172 1351 1340 1293 1273 1346 1283 1109 1092 1345 1374 1212 1212 1203 1131 1021 1180 1336 1344 1273 
1669 1644 1794 1325 1713 1672 1538 1692 1471 1567 1493 1464 1569 1446 1595 1659 1552 1549 1554 1689 1573 1534 1843 1394 1334 1545 1644 1401 1638 1540 1619 1711 1786 1618 1713 1656 1740 1422 1550 1769 1541 1464 1370 1369 1495 1870 1639 1572 1508 1768 1740 1398 1466 1687 1852 1524 1514 1506 1342 1350 1562 1674 1709 1714 
1392 1603 1603 1193 1384 1363 1439 1491 1384 1382 1338 1298 1408 1390 1437 1437 1182 1366 1277 1476 1303 1288 1623 1189 1243 1332 1491 1315 1472 1354 1533 1457 1587 1398 1533 1469 1488 1294 1335 1607 1389 1319 1158 1253 1372 1621 1426 1472 1276 1493 1632 1256 1255 1429 1690 1410 1403 1256 1142 1340 1474 1486 1488 1548 
1516 1497 1713 1305 1371 1286 1396 1381 1263 1439 1270 1188 1255 1376 1415 1482 1256 1342 1290 1381 1344 1352 1609 1247 1233 1381 1635 1304 1407 1214 1321 1516 1463 1444 1433 1341 1381 1364 1260 1491 1370 1185 1170 1217 1243 1571 1293 1378 1451 1394 1392 1281 1284 1332 1616 1367 1291 1344 1094 1163 1344 1465 1396 1405 
1208 1248 1415 1125 1190 1249 1120 1342 1134 1229 1198 959 1040 1249 1171 1235 1161 1235 1179 1316 1249 1260 1391 1053 999 1164 1186 1145 1304 1131 1133 1239 1364 1047 1298 1179 1087 1198 1063 1223 1264 1060 1037 1210 1226 1337 1112 1141 1187 1318 1375 1185 1206 1218 1410 1075 1139 1011 991 1061 1150 1291 1372 1276 
1417 1261 1454 1238 1187 1291 1459 1268 1177 1294 1152 1147 1308 1288 1295 1344 1073 1310 1210 1334 1306 1105 1401 1129 1044 1329 1281 1294 1230 1273 1297 1434 1402 1231 1369 1319 1165 1284 1167 1326 1214 1189 1050 1200 1101 1410 1313 1314 1247 1372 1312 1128 1201 1254 1490 1212 1164 1156 1106 1103 1115 1440 1278 1453 
1541 1428 1593 1525 1455 1558 1484 1443 1195 1527 1538 1288 1410 1414 1506 1552 1437 1387 1466 1537 1496 1347 1671 1352 1254 1417 1665 1407 1585 1436 1559 1534 1626 1348 1626 1526 1376 1366 1429 1644 1484 1332 1240 1408 1421 1629 1446 1458 1447 1634 1570 1468 1343 1639 1689 1389 1456 1375 1339 1214 1418 1467 1571 1462 
1289 1311 1425 1159 1321 1378 1378 1227 1130 1303 1296 1125 1124 1145 1359 1242 1114 1318 1061 1392 1344 1099 1232 1154 980 1312 1269 1094 1277 1181 1373 1549 1411 1220 1396 1285 1253 1201 1210 1356 1309 1096 931 1138 1122 1434 1301 1196 1211 1356 1457 1163 1202 1269 1285 1195 1305 1184 970 984 1212 1335 1257 1279 
1159 1166 1378 1164 1127 1236 1229 1249 1022 1334 1226 1070 1128 1000 1316 1242 1026 1294 1165 1275 1244 1136 1234 1111 996 1168 1296 1149 1286 1056 1249 1278 1426 1107 1289 1201 1032 1085 1189 1320 1081 1164 881 998 1037 1251 1176 1230 1158 1229 1230 1175 1174 1238 1349 1197 1248 1109 1048 980 1062 1295 1238 1341 
1318 1331 1430 1167 1278 1312 1130 1316 1160 1380 1313 1207 1222 1200 1395 1272 1258 1143 1120 1324 1397 1077 1592 1202 1249 1356 1443 1221 1402 1337 1280 1287 1260 1258 1363 1253 1232 1112 1232 1342 1283 1130 1119 1217 1178 1386 1340 1372 1323 1284 1387 1156 1310 1247 1533 1335 1363 1198 1173 1035 1133 1400 1161 1331 
1227 1151 1310 1173 1133 1362 1235 1266 1026 1198 1147 1139 1020 1122 1324 1102 1152 1102 1049 1335 1355 1055 1233 1069 1047 1249 1292 1126 1216 1261 1277 1252 1289 1210 1417 1375 1075 1086 1056 1234 1232 1131 955 1173 1016 1362 1129 1289 1165 1210 1372 1161 1142 1230 1266 1013 1202 977 1054 1010 1071 1261 1164 1292 
1450 1490 1660 1276 1375 1292 1352 1436 1220 1567 1350 1175 1142 1229 1556 1359 1238 1347 1198 1429 1311 1355 1506 1415 1085 1242 1467 1316 1415 1182 1241 1463 1476 1356 1427 1298 1346 1348 1339 1510 1400 1163 1128 1218 1135 1380 1318 1343 1432 1541 1452 1237 1424 1360 1650 1213 1395 1192 1237 1060 1385 1511 1357 1399 
1223 1271 1423 1051 1106 1216 1216 1358 1100 1214 1154 986 999 1089 1274 1249 1169 1130 1135 1317 1202 1078 1324 1066 991 1220 1218 1067 1190 1079 1172 1157 1365 1187 1237 1218 1191 1095 1090 1225 1167 1127 982 1177 1120 1365 1276 1123 1194 1207 1350 973 1090 1215 1359 1016 1209 938 1084 1092 1198 1228 1290 1189 
1353 1293 1392 1136 1159 1271 1359 1283 1226 1355 1298 1177 1222 1151 1350 1247 1127 1151 1178 1297 1243 1147 1437 1132 1080 1327 1362 1200 1366 1211 1273 1435 1415 1111 1420 1286 1175 1127 1259 1407 1253 1210 1027 1167 1225 1409 1298 1267 1207 1402 1367 1094 1100 1298 1470 1195 1321 1106 1206 1117 1144 1305 1271 1355 
1374 1335 1416 1126 1232 1282 1360 1269 1182 1261 1238 1127 1147 1159 1255 1194 1257 1195 989 1358 1304 1231 1410 1233 960 1316 1318 1270 1142 1284 1255 1298 1398 1305 1391 1286 1306 1181 1183 1368 1278 1084 1260 1217 1163 1548 1167 1374 1189 1394 1253 1195 1155 1131 1503 1153 1232 1135 1003 1198 1311 1318 1273 1339 
1339 1341 1569 1221 1228 1358 1376 1480 1212 1390 1336 1239 1301 1211 1495 1346 1222 1266 1179 1449 1392 1278 1488 1158 1257 1384 1431 1308 1312 1252 1394 1397 1418 1220 1404 1379 1240 1229 1332 1459 1197 1160 1116 1211 1363 1512 1399 1448 1337 1366 1538 1251 1292 1282 1652 1246 1303 1090 1160 1107 1231 1445 1267 1409 
1550 1473 1537 1220 1397 1435 1444 1278 1259 1331 1374 1277 1350 1315 1316 1270 1111 1245 1239 1369 1372 1190 1559 1297 1115 1313 1386 1322 1275 1317 1346 1464 1416 1305 1380 1267 1313 1169 1389 1550 1399 1287 1133 1132 1319 1576 1398 1343 1177 1474 1474 1178 1197 1324 1681 1257 1256 1119 1260 1092 1281 1330 1333 1324 
1391 1306 1564 1287 1260 1386 1475 1393 1150 1347 1362 1087 1231 1330 1428 1280 1114 1444 1270 1300 1369 1250 1478 1309 1135 1313 1468 1361 1351 1272 1335 1355 1444 1138 1460 1478 1123 1233 1338 1347 1238 1148 1108 1276 1224 1494 1312 1498 1322 1329 1419 1245 1274 1396 1469 1215 1175 1141 1267 1280 1223 1478 1314 1424 
1462 1409 1671 1295 1246 1337 1418 1435 1274 1454 1231 1218 1267 1455 1498 1474 1305 1314 1119 1420 1359 1218 1338 1238 1188 1364 1469 1203 1385 1306 1398 1432 1557 1202 1542 1412 1328 1293 1199 1489 1382 1184 1123 1334 1223 1527 1434 1350 1262 1228 1420 1195 1209 1316 1465 1285 1318 1335 1030 1246 1259 1430 1274 1307 
1140 1166 1248 1078 997 1161 1113 1070 1091 1103 1064 956 1095 972 1146 1122 912 1108 1150 1074 1021 1027 1303 1047 858 1056 1116 1081 1159 1043 931 1153 1174 1065 1113 1077 1090 1207 970 1223 1090 965 936 1100 1007 1152 1055 1151 1235 1196 1138 928 986 1068 1301 993 1051 919 911 1039 1045 1263 1226 1124 
1208 1174 1365 1094 1195 1177 1028 1217 1059 1169 1102 1225 1120 1104 1273 1258 1157 1050 1063 1127 1111 1095 1214 1111 978 1104 1230 1064 1248 1049 1146 1216 1222 1108 1185 1062 1249 1065 985 1205 1161 1039 1019 1017 1017 1257 1292 1208 1124 1116 1284 940 1032 1218 1428 1094 1250 1120 960 867 1188 1161 1064 1081 
1343 1206 1444 1162 1109 1278 1182 1274 900 1337 1194 1045 1066 1205 1352 1241 1134 1212 1192 1205 1291 1127 1384 1175 1139 1128 1478 1190 1356 1098 1257 1228 1349 1272 1282 1197 1224 1069 1101 1341 1227 1157 1038 1118 1188 1388 1225 1204 1168 1213 1322 1206 1198 1262 1450 1164 1272 1168 1080 938 1154 1326 1235 1302 
1173 1252 1380 1103 1130 1163 1267 1207 1029 1330 1165 957 1115 1141 1255 1246 1134 1268 1130 1276 1210 1062 1387 1151 1023 1176 1336 1101 1189 1187 1230 1220 1361 1141 1278 1286 1284 1111 1109 1276 1119 1047 1052 1138 1091 1400 1230 1139 1226 1301 1193 1093 1153 1200 1475 1144 1235 1117 1075 1013 1156 1362 1295 1266 
1396 1278 1592 1309 1271 1342 1179 1270 1190 1336 1209 1163 1183 1219 1354 1447 1202 1309 1180 1441 1283 1272 1448 1207 1194 1372 1355 1276 1239 1282 1360 1316 1452 1265 1398 1298 1213 1256 1166 1274 1252 1165 1259 1203 1183 1455 1294 1299 1409 1312 1374 1147 1235 1211 1439 1269 1317 1252 1014 1152 1124 1441 1367 1427 
1382 1196 1497 1266 1341 1365 1281 1317 1245 1424 1299 1285 1393 1190 1414 1309 1252 1283 1316 1461 1495 1179 1510 1167 1133 1378 1289 1299 1352 1401 1305 1320 1520 1359 1380 1412 1264 1252 1378 1410 1166 1373 1118 1135 1201 1397 1349 1353 1348 1317 1335 1208 1322 1265 1578 1350 1321 1236 1190 1191 1039 1745 1375 1430 
1477 1328 1650 1443 1402 1373 1378 1476 1352 1482 1315 1246 1300 1292 1437 1479 1300 1333 1368 1481 1436 1244 1498 1285 1218 1374 1517 1349 1426 1317 1488 1439 1551 1314 1533 1470 1347 1196 1321 1543 1335 1371 1160 1186 1221 1603 1385 1303 1334 1370 1388 1228 1244 1429 1492 1343 1456 1366 1254 1189 1299 1521 1429 1439 
1261 1261 1363 1137 1191 1205 1296 1287 1043 1317 1205 1109 1181 1084 1397 1224 974 1277 1145 1254 1200 1138 1386 1132 928 1273 1356 1217 1246 1080 1138 1349 1374 1069 1277 1186 1071 1146 1201 1296 1243 1152 981 1144 1160 1244 1131 1192 1148 1354 1318 1133 1160 1160 1349 1124 1279 963 996 1153 1133 1356 1304 1345 
1498 1492 1740 1297 1539 1424 1329 1534 1331 1520 1293 1332 1309 1324 1447 1544 1469 1336 1249 1565 1391 1266 1644 1362 1280 1462 1430 1320 1446 1435 1372 1517 1546 1398 1561 1353 1453 1397 1346 1592 1459 1259 1289 1276 1332 1561 1467 1429 1462 1518 1565 1296 1401 1409 1738 1329 1430 1277 1218 1141 1394 1500 1404 1449 
1536 1533 1662 1506 1353 1606 1484 1457 1396 1634 1600 1444 1335 1300 1593 1452 1407 1538 1395 1593 1642 1354 1809 1466 1299 1587 1607 1513 1554 1480 1525 1512 1566 1688 1602 1560 1435 1516 1468 1627 1502 1455 1261 1363 1308 1670 1408 1680 1580 1571 1504 1508 1500 1489 1684 1498 1501 1376 1303 1403 1512 1779 1429 1513 
1394 1331 1462 1249 1406 1295 1408 1315 1190 1374 1325 1194 1271 1163 1316 1332 1181 1216 1265 1291 1249 1246 1499 1316 1130 1305 1445 1247 1249 1278 1325 1355 1348 1286 1470 1405 1193 1126 1261 1440 1196 1144 1118 1163 1163 1447 1316 1410 1295 1386 1336 1329 1212 1286 1491 1321 1169 1099 1142 1268 1194 1455 1311 1350 
1238 1307 1521 1166 1256 1187 1260 1221 1242 1162 1156 1151 1198 1174 1357 1165 1157 1246 1057 1259 1262 1254 1431 1159 1086 1238 1285 1314 1377 1183 1159 1164 1452 1138 1205 1227 1287 1219 1178 1263 1218 1143 1167 1132 1318 1363 1243 1345 1202 1143 1383 1134 1248 1106 1579 1285 1240 1219 998 1074 1227 1458 1238 1228 
1352 1263 1572 1219 1294 1333 1405 1353 1181 1325 1215 1281 1251 1223 1398 1360 1326 1279 1297 1496 1316 1198 1523 1219 1327 1409 1444 1234 1430 1437 1346 1338 1483 1310 1462 1421 1279 1321 1381 1477 1317 1289 1112 1241 1197 1489 1388 1392 1363 1224 1483 1304 1305 1361 1533 1220 1283 1170 1253 1107 1157 1515 1337 1381 
