0 0 0 0 0 0 0 0 0 0 63 0 0 0 56 7 0 0 36 0 0 0 0 0 72 0 0 0 0 0 0 0 0 0 0 45 0 0 0 56 0 0 0 0 0 27 42 0 56 0 0 0 0 0 0 45 7 0 0 72 0 0 0 0 
0 0 44 40 0 9 0 0 2 0 0 5 72 0 16 21 0 0 24 0 20 0 31 0 0 9 0 76 39 0 0 78 10 48 0 0 6 6 0 63 0 8 9 0 6 0 49 24 0 71 0 0 0 2 0 82 4 47 56 10 16 0 0 72 
4 0 0 0 0 45 16 9 0 0 12 36 0 0 9 0 0 0 0 0 24 0 0 8 0 0 0 0 0 72 0 0 36 0 0 0 20 0 0 3 32 0 0 18 0 0 0 0 58 0 36 0 81 9 0 0 9 0 27 37 0 36 36 72 
21 0 0 0 0 15 0 0 0 0 9 12 6 0 0 0 3 0 0 0 0 0 0 0 0 0 21 0 117 0 27 54 0 81 0 3 0 0 0 0 72 54 0 0 0 72 0 9 0 36 105 0 27 0 0 0 27 0 0 0 45 0 0 18 
0 0 0 0 0 0 18 0 6 0 0 16 15 0 0 21 49 2 12 0 21 0 5 0 24 0 37 72 0 0 0 0 0 0 0 19 24 0 0 0 24 0 0 45 0 9 0 0 0 0 36 0 0 0 5 15 36 0 0 24 0 54 0 0 
7 0 0 0 7 8 19 12 0 0 31 0 24 0 0 0 87 0 0 0 88 0 0 8 0 35 37 72 0 30 0 0 36 48 0 32 4 0 0 0 0 0 0 81 16 14 0 0 39 41 36 28 0 60 0 25 36 0 0 49 48 90 16 0 
53 6 42 4 2 35 0 0 30 0 93 0 56 72 138 26 63 10 37 8 16 8 25 0 8 0 45 0 8 0 0 0 0 0 0 0 5 7 0 67 0 49 0 24 16 69 87 0 118 16 92 0 81 41 25 69 8 30 0 15 60 0 52 1 
0 0 63 0 21 9 18 28 14 0 0 0 63 6 1 21 72 28 31 8 23 45 0 36 0 0 43 52 6 0 0 4 0 36 8 0 29 11 42 3 108 59 0 0 0 78 57 0 0 16 0 0 0 49 0 74 0 0 0 0 0 0 0 1 
3 0 0 0 3 0 0 0 0 45 0 8 0 69 6 0 2 21 29 0 24 0 0 0 12 0 14 24 0 0 0 0 0 0 0 2 35 0 0 12 21 25 0 0 0 24 0 0 0 3 20 27 0 6 12 0 18 24 0 20 32 0 16 0 
4 0 0 0 4 0 4 0 0 0 3 0 0 0 0 0 5 0 0 0 38 0 0 2 0 0 0 8 3 0 0 2 9 0 0 0 0 0 0 0 0 0 0 0 0 8 7 0 1 8 0 0 0 0 0 3 0 0 0 10 0 9 0 0 
12 18 95 40 28 0 0 0 14 0 0 0 72 0 16 0 0 0 15 0 56 0 0 0 0 0 0 0 6 0 0 64 0 48 0 0 27 0 42 48 96 0 0 0 12 14 0 24 0 15 0 0 0 0 0 48 0 32 48 0 2 0 0 72 
112 0 0 0 28 40 0 0 0 0 24 0 16 56 0 35 40 0 0 0 8 21 0 20 0 0 22 104 14 0 0 10 0 0 0 0 0 0 0 0 0 15 0 50 8 0 0 0 0 8 96 77 0 8 0 0 0 0 0 7 16 90 22 0 
0 0 0 63 0 20 0 4 0 0 27 16 0 0 24 12 0 0 0 0 0 0 0 0 0 63 9 9 0 32 0 4 32 0 0 0 0 0 0 24 0 63 36 8 0 0 99 0 87 45 0 0 0 109 0 45 7 0 12 0 81 0 0 32 
0 0 0 0 0 0 56 0 0 0 26 0 4 64 0 24 0 0 0 0 32 0 20 12 0 0 0 68 44 0 0 8 80 0 0 0 0 0 0 24 0 8 0 0 0 0 28 24 6 32 0 24 0 0 0 4 12 24 0 42 0 54 16 50 
28 0 32 21 50 19 40 0 0 0 0 0 0 0 4 45 20 0 16 32 0 47 72 34 0 0 43 137 30 0 0 12 0 0 0 0 24 16 0 12 0 39 30 0 0 24 27 0 0 10 30 72 0 27 0 72 49 0 0 9 22 54 20 4 
0 0 0 0 0 0 40 24 0 0 91 0 0 63 128 9 0 0 14 0 0 0 15 0 0 0 0 0 72 0 15 0 0 45 0 0 0 0 0 72 40 30 0 0 0 40 54 35 114 0 45 0 15 36 0 0 19 21 0 24 28 24 0 50 
94 0 9 0 3 44 0 0 4 45 21 5 14 5 0 15 15 0 6 0 12 0 4 0 0 9 3 44 3 0 0 2 6 0 0 0 50 0 6 9 32 33 9 15 6 0 7 0 0 8 88 0 0 8 0 1 4 9 8 0 12 18 0 0 
0 0 0 63 0 0 0 0 0 0 0 0 0 0 4 65 0 0 0 0 20 0 0 32 0 14 30 89 6 0 0 20 0 0 0 0 0 0 0 1 0 87 0 15 12 0 95 0 38 38 16 0 36 85 0 12 0 0 0 4 45 0 28 0 
0 0 0 16 0 9 72 0 0 0 81 0 0 0 72 9 36 36 0 0 48 36 0 18 0 0 36 54 8 48 0 6 0 0 16 80 0 0 0 72 0 0 54 40 0 0 54 0 72 4 94 0 0 0 0 0 9 80 0 0 5 76 36 24 
0 0 8 10 0 0 0 0 0 0 0 0 18 24 13 0 0 0 0 72 0 0 0 0 0 0 45 0 0 0 0 16 0 12 0 0 45 0 0 39 0 0 0 0 0 54 0 6 0 0 0 9 0 0 0 12 0 8 12 0 0 0 6 27 
99 0 24 0 0 0 0 0 24 0 0 12 40 56 4 0 18 8 16 0 8 8 74 0 0 0 38 24 0 0 0 0 0 0 0 3 0 12 64 0 0 0 0 65 8 0 0 0 24 8 28 0 36 9 20 54 27 0 0 4 74 18 24 0 
0 0 0 0 0 5 40 0 0 0 0 0 0 0 0 28 20 0 0 0 56 20 0 26 0 0 20 62 0 0 0 8 0 0 0 0 0 0 0 7 0 12 30 0 0 0 0 0 0 0 30 0 0 0 0 0 0 0 0 0 0 0 20 0 
0 0 16 0 0 35 0 7 0 0 0 28 0 56 24 0 0 0 24 0 0 0 36 0 0 0 0 0 0 56 0 0 0 0 0 0 0 8 0 12 21 0 0 14 0 0 0 0 0 3 0 24 81 6 12 36 7 0 21 0 0 0 14 101 
0 0 0 0 0 9 8 0 18 0 0 5 0 54 48 6 45 0 12 0 54 0 4 0 0 9 0 0 6 0 0 0 0 0 0 0 0 16 0 0 0 8 13 0 6 0 36 0 0 0 0 0 0 2 0 18 4 18 8 27 24 28 0 20 
0 15 35 12 5 8 64 4 0 0 0 0 8 56 0 45 46 0 0 0 12 32 0 16 0 0 62 48 0 22 0 0 0 16 12 36 0 0 0 0 0 0 48 30 0 0 10 0 0 0 78 21 0 18 0 15 12 57 0 17 8 54 46 18 
34 0 14 2 0 0 32 0 0 0 24 0 20 40 54 0 0 42 8 0 12 8 0 16 28 24 6 48 0 0 0 30 72 0 16 0 0 6 32 1 0 6 18 22 0 36 6 30 8 0 0 0 0 16 0 0 0 48 0 56 46 72 0 0 
0 0 0 0 0 4 0 8 36 0 0 0 0 0 0 0 0 12 4 0 0 20 30 16 8 0 0 16 0 0 0 0 0 16 0 5 0 0 0 0 0 0 0 0 0 3 0 0 14 0 0 0 0 12 30 5 0 0 0 16 0 8 0 0 
21 0 0 0 12 7 88 8 0 72 38 36 0 80 16 0 19 8 128 0 12 35 21 44 0 0 73 43 98 0 0 6 72 28 12 9 85 0 0 32 64 40 0 0 0 0 0 42 8 43 32 35 0 30 44 4 95 0 0 62 0 81 42 56 
0 0 0 0 0 0 0 0 0 0 0 0 6 0 0 0 0 0 0 0 0 0 12 0 0 0 0 54 18 0 0 12 15 0 0 0 0 0 0 0 0 12 0 0 0 0 42 0 0 48 0 0 0 0 0 6 6 0 0 0 0 0 0 27 
4 0 28 6 36 0 0 32 0 0 0 0 0 0 58 0 35 0 0 32 44 35 0 0 8 24 20 0 18 2 0 30 0 0 2 6 20 0 0 12 0 0 18 9 0 24 0 30 56 0 5 72 0 80 0 14 0 7 0 62 28 95 0 7 
0 0 0 7 0 0 0 0 0 0 0 0 0 0 0 1 0 0 0 0 0 0 0 0 0 0 1 1 40 0 0 30 0 0 0 0 0 0 0 0 0 7 0 0 0 0 9 0 0 20 0 0 0 9 0 0 0 0 0 0 30 0 0 0 
8 0 28 0 24 54 12 4 36 0 0 30 62 0 12 36 95 0 75 0 64 12 87 0 0 61 0 0 8 10 0 0 0 16 0 0 0 47 0 24 42 111 60 0 36 97 99 0 7 11 0 38 0 42 24 149 36 0 48 6 8 66 0 30 
0 0 0 0 0 16 86 0 0 0 20 0 20 63 56 28 35 0 14 0 44 0 21 0 0 0 7 56 63 0 12 0 0 0 36 0 32 0 0 2 32 0 0 35 0 0 0 42 0 0 28 0 0 12 0 0 14 21 0 0 28 42 0 56 
4 45 28 67 0 0 0 16 0 0 0 0 32 0 8 9 56 88 0 64 84 8 72 0 8 32 102 9 0 104 0 16 56 136 0 64 40 8 0 72 0 63 63 29 20 48 81 0 0 20 8 0 0 252 0 0 48 48 0 48 232 44 29 8 
0 45 0 0 0 3 24 0 0 0 0 0 8 12 0 0 12 36 0 0 36 12 16 6 0 0 18 26 0 32 12 0 20 0 52 32 0 6 0 0 0 22 18 0 30 0 6 0 0 25 18 0 0 0 0 0 8 24 0 0 5 4 12 36 
10 0 26 18 0 0 0 8 0 54 0 0 0 6 0 14 0 0 6 0 20 4 0 0 4 0 35 0 0 0 0 0 0 0 0 0 42 0 0 0 0 30 0 27 20 0 12 14 0 20 24 0 0 16 0 0 0 8 0 49 86 0 20 10 
28 0 66 56 38 73 24 2 12 0 24 0 4 72 68 8 52 72 22 0 64 60 27 36 0 0 17 116 18 69 0 0 0 44 0 64 0 6 36 0 48 56 0 45 0 0 72 0 0 0 36 40 18 133 0 27 6 72 0 6 84 92 0 10 
8 0 0 12 8 0 12 0 0 0 9 0 0 0 0 0 0 0 0 0 76 0 0 6 0 0 0 0 20 12 12 0 27 36 12 36 0 0 0 0 32 24 0 30 0 48 0 4 3 0 66 0 12 0 0 0 0 42 0 21 0 81 0 26 
28 0 0 42 0 9 0 28 2 0 0 5 0 0 4 12 0 18 0 0 24 0 85 0 0 45 48 6 0 0 0 0 0 0 0 0 0 9 0 54 0 50 9 30 30 0 54 0 49 24 9 0 18 102 0 0 4 0 8 28 38 28 24 10 
0 0 0 35 0 8 64 0 0 0 0 0 0 0 0 5 32 0 0 0 0 32 0 16 0 0 37 53 0 0 0 0 0 0 0 0 0 0 0 0 0 35 48 0 0 0 45 0 0 0 48 0 0 45 0 0 0 0 0 0 25 0 32 0 
74 0 54 21 10 55 0 14 10 0 0 25 95 42 6 30 49 0 24 0 0 18 40 0 36 45 0 50 0 35 0 33 97 74 0 15 0 0 48 18 0 60 126 36 30 9 0 9 0 0 0 0 0 184 0 33 107 12 58 31 204 0 0 72 
0 0 0 0 24 0 0 0 0 0 0 0 0 0 6 0 0 0 20 0 0 18 0 0 40 0 0 0 12 0 18 0 0 0 54 25 0 0 0 0 0 0 0 0 0 15 0 0 0 0 0 48 27 0 0 25 0 0 0 46 0 36 0 15 
20 0 30 40 0 18 0 20 40 0 0 10 0 12 0 47 0 12 0 0 4 0 38 0 0 18 6 0 0 0 0 4 32 0 16 0 0 6 0 0 0 22 54 0 12 0 36 35 0 0 0 0 0 32 30 0 8 20 16 10 36 0 0 25 
7 3 27 0 5 66 24 0 14 0 0 35 0 0 1 51 12 0 36 0 72 12 73 6 72 63 18 71 18 0 0 14 0 0 4 45 5 10 0 9 0 56 81 0 42 27 44 0 6 48 22 0 9 15 4 99 28 3 56 76 0 3 24 0 
6 0 0 0 0 51 36 4 10 0 0 25 16 0 0 50 21 0 3 0 22 27 20 18 0 45 12 38 0 0 0 0 4 12 0 0 46 1 0 6 64 47 63 0 30 9 5 0 7 0 18 0 0 16 0 9 20 6 40 4 0 4 12 0 
21 0 0 0 0 56 85 0 0 0 37 0 4 72 0 0 0 54 0 0 48 0 32 0 0 0 0 4 64 48 0 0 10 0 0 48 0 0 0 0 0 8 0 0 0 0 0 48 0 0 0 27 0 45 0 0 20 36 0 0 6 6 18 82 
0 9 0 0 4 94 18 8 24 36 18 32 0 4 12 0 0 50 24 0 0 33 20 24 64 0 0 72 2 64 4 0 0 24 12 25 28 0 0 0 0 20 0 16 6 51 0 0 0 5 16 8 54 36 20 25 8 48 24 41 1 6 0 94 
0 0 0 0 0 0 0 0 0 27 0 0 0 3 0 0 0 0 3 0 0 0 0 0 0 0 0 0 0 0 0 9 72 0 0 0 21 0 0 0 0 15 81 0 0 0 0 0 0 0 12 0 0 63 0 0 0 0 0 0 81 0 0 0 
0 0 0 0 28 36 0 30 30 0 16 15 4 0 16 18 7 36 0 0 16 66 32 36 0 31 35 36 14 5 0 5 0 44 0 32 4 0 0 0 28 24 30 16 18 0 0 5 42 0 28 84 63 71 20 0 18 0 24 15 4 42 28 0 
0 0 0 0 0 0 0 0 0 72 16 0 0 8 0 6 25 0 44 0 24 0 0 0 72 0 5 104 21 0 0 14 4 0 0 77 60 0 0 6 0 40 0 41 0 27 49 0 0 56 52 28 0 0 0 52 0 6 0 72 0 30 0 0 
0 27 12 15 0 0 0 0 0 0 4 0 29 54 6 0 0 0 0 0 22 0 4 0 0 0 27 2 0 0 0 24 5 18 72 8 1 27 0 18 0 31 0 4 18 0 27 9 0 15 0 7 0 0 0 18 2 12 18 0 3 0 0 36 
0 0 0 0 0 8 128 0 0 0 16 0 0 0 2 0 32 2 0 0 0 32 33 16 0 4 32 64 70 0 0 4 0 0 0 0 0 1 0 6 0 0 48 0 0 0 14 48 0 16 49 0 9 0 0 2 16 0 0 0 0 0 32 69 
24 0 36 48 0 0 0 24 0 0 0 0 0 0 0 42 0 0 0 0 0 0 0 0 0 7 0 0 48 0 0 36 0 0 0 0 0 0 0 0 0 0 0 0 0 0 36 42 7 29 0 0 0 0 0 5 0 24 0 12 30 0 0 30 
0 0 72 0 24 0 0 0 16 0 28 0 0 0 0 0 0 0 8 0 28 0 0 0 0 0 0 0 8 0 0 6 0 0 0 56 7 0 48 0 64 0 0 28 0 0 0 0 0 4 0 49 0 0 0 0 0 0 0 0 5 0 0 0 
12 0 18 36 0 0 0 12 0 0 0 0 0 0 18 36 0 0 20 0 32 0 0 0 40 8 0 20 57 12 15 34 10 45 12 61 0 0 0 15 40 30 6 30 0 55 18 36 0 16 75 0 15 0 0 25 0 69 0 46 20 54 0 43 
0 59 0 28 0 0 0 0 0 0 0 0 6 0 16 4 9 0 3 0 0 0 0 0 0 0 6 4 0 0 0 1 0 8 0 0 0 1 0 0 0 35 0 0 36 9 41 0 0 30 0 0 72 38 0 9 0 0 0 0 26 4 1 40 
27 0 30 61 0 0 0 20 0 0 0 0 0 0 0 38 40 2 0 0 48 0 9 0 0 11 3 3 0 0 0 0 0 0 0 0 35 1 0 6 56 21 0 0 0 0 57 35 7 5 1 0 0 27 0 21 0 20 0 34 15 0 0 25 
56 36 72 0 24 47 98 8 16 0 0 32 35 64 0 49 28 0 8 0 49 28 0 14 0 0 28 42 0 64 0 0 0 0 0 0 56 0 48 0 120 0 42 16 24 0 0 0 0 20 42 24 0 8 0 0 8 0 24 0 20 0 44 64 
14 0 0 0 8 5 0 18 36 54 0 0 54 6 0 0 103 26 6 0 104 25 66 20 8 0 0 64 0 45 0 4 45 92 8 0 52 0 0 7 0 66 0 0 0 12 0 0 0 0 24 0 0 81 38 16 72 16 0 33 36 6 16 81 
15 0 0 0 0 45 8 11 0 0 2 36 4 0 12 0 7 0 8 0 0 0 3 0 16 0 0 0 8 77 10 0 0 8 30 10 5 0 0 0 8 0 0 18 0 6 0 6 0 0 0 0 54 11 0 10 17 0 27 17 8 0 0 110 
28 0 0 0 0 20 0 8 0 0 12 0 24 0 0 7 28 0 0 0 8 0 0 4 0 0 14 8 0 20 4 2 0 32 12 0 0 0 0 0 0 3 0 10 8 0 0 0 0 8 32 0 0 36 0 0 24 0 0 4 16 0 8 0 
61 0 22 24 0 0 0 12 0 0 0 0 54 0 0 21 81 0 51 0 0 0 9 0 0 0 0 0 18 0 0 0 0 0 0 0 6 11 0 0 0 63 0 0 0 81 63 21 0 15 0 0 0 7 0 90 0 12 0 6 14 0 0 15 
42 0 0 0 0 30 0 2 0 0 18 0 16 0 0 0 7 7 0 0 0 0 0 0 4 0 0 8 0 5 0 0 0 8 0 0 0 0 0 0 0 0 0 0 0 6 0 0 0 0 48 0 0 9 0 0 6 8 0 1 4 0 0 0 
0 0 0 0 0 4 50 24 36 0 8 0 0 0 27 0 0 0 0 0 0 20 12 16 0 68 0 16 32 0 0 15 0 16 0 0 0 36 0 0 0 0 18 0 0 0 81 39 98 40 0 0 0 36 0 40 8 0 0 29 8 87 0 77 
