1317 1423 1361 1207 1280 1259 1272 1277 1385 1191 1261 1320 1355 1484 1217 1405 1435 1165 1344 1586 1323 1368 1447 1296 1293 1079 1147 1604 1384 1344 1523 1475 1419 1501 1103 1409 1217 1411 1260 1141 1112 1328 1493 1286 1460 1181 1423 1457 1432 1304 1532 1297 1287 1320 1479 1205 1328 1268 1225 1231 1414 1248 1378 1259 
1235 1327 1317 1219 1249 1217 1278 1204 1444 1179 1284 1264 1297 1548 1391 1305 1369 1412 1192 1460 1240 1446 1464 1299 1290 1178 1175 1475 1268 1418 1426 1272 1429 1582 1045 1405 1217 1535 1121 1203 1175 1279 1552 1381 1278 1140 1403 1434 1513 1440 1522 1193 1210 1295 1527 1161 1173 1390 1194 1093 1389 1390 1338 1317 
1061 1153 1205 1030 947 1129 985 1032 1232 1042 944 1099 1056 1218 1077 1146 1169 1107 1186 1298 1124 1071 1167 1143 991 989 1155 1199 1124 1215 1220 1099 1252 1283 902 1047 914 1164 1029 1047 952 1085 1287 1134 1081 1073 1146 1104 1235 1137 1267 1122 1007 1070 1167 1148 1271 1172 1027 1034 994 1091 1148 1071 
1114 1195 1258 1100 1193 1151 1098 1170 1401 1006 1106 1138 1154 1526 1170 1219 1247 1345 1158 1422 1148 1180 1385 1143 1301 1028 1169 1243 1288 1282 1362 1218 1329 1382 918 1271 1077 1329 1110 1098 979 1263 1337 1250 1184 1095 1177 1377 1277 1308 1419 1113 1048 1110 1339 1144 1086 1183 1111 1043 1314 1318 1227 1187 
1317 1350 1384 1253 977 1172 1153 1132 1097 1169 1328 1147 1206 1397 1175 1323 1351 1211 1304 1482 1104 1271 1263 1208 1332 972 1115 1360 1367 1217 1341 1099 1348 1413 1082 1101 1124 1333 1146 999 1125 1247 1405 1250 1172 1204 1303 1367 1379 1209 1481 1133 1203 1247 1438 1044 1132 1286 1133 1109 1269 1204 1272 1113 
1339 1410 1580 1403 1342 1270 1380 1425 1407 1485 1368 1352 1419 1642 1424 1396 1639 1500 1540 1808 1360 1527 1504 1458 1461 1041 1326 1857 1492 1498 1602 1489 1628 1613 1240 1351 1331 1653 1430 1271 1253 1518 1739 1426 1588 1371 1486 1544 1525 1457 1699 1485 1513 1514 1477 1448 1538 1524 1351 1453 1369 1330 1531 1540 
1344 1320 1341 1294 1109 1288 1326 1303 1363 1199 1207 1175 1370 1431 1383 1424 1482 1346 1321 1665 1303 1346 1418 1353 1323 1126 1213 1520 1327 1399 1564 1246 1485 1517 1108 1338 1335 1519 1302 1277 1198 1387 1542 1440 1422 1224 1476 1466 1405 1420 1558 1401 1292 1317 1505 1304 1322 1609 1332 1302 1424 1488 1349 1285 
937 973 1081 969 1053 914 997 1128 1257 1013 987 1048 1059 1165 1086 1156 1103 1158 1127 1283 1065 1056 1100 1002 1076 929 1007 1223 952 1203 1291 1081 1098 1150 868 1118 1039 1119 1073 996 878 1041 1248 1094 1247 955 1019 1078 1075 1215 1329 1092 904 1063 1122 1078 1119 1185 1043 1082 1114 1115 1104 1015 
1183 1398 1408 1208 1286 1164 1315 1333 1539 1325 1235 1360 1315 1512 1252 1423 1392 1452 1388 1623 1264 1319 1459 1413 1359 1237 1253 1573 1256 1502 1503 1449 1443 1538 1081 1307 1202 1414 1265 1270 1101 1351 1561 1310 1505 1153 1317 1385 1384 1535 1671 1398 1277 1414 1586 1233 1337 1480 1296 1255 1333 1367 1412 1325 
1262 1454 1446 1455 1303 1397 1220 1256 1428 1201 1261 1328 1361 1617 1309 1443 1465 1422 1373 1680 1366 1371 1470 1453 1305 1278 1361 1480 1431 1493 1646 1419 1521 1438 1178 1417 1269 1551 1355 1334 1139 1466 1682 1464 1361 1351 1361 1469 1444 1625 1589 1382 1434 1385 1482 1438 1379 1547 1246 1251 1312 1561 1361 1396 
1194 1287 1283 1269 1163 1144 1231 1280 1220 1284 1247 1121 1291 1385 1288 1278 1301 1293 1335 1507 1227 1321 1363 1282 1261 1028 1160 1479 1352 1375 1415 1199 1339 1418 978 1249 1150 1268 1138 1153 1084 1265 1429 1372 1316 982 1228 1350 1478 1399 1453 1265 1144 1302 1368 1096 1206 1384 1078 1168 1286 1334 1289 1078 
1279 1274 1368 1204 1060 1070 1095 1315 1267 1115 1062 1083 1301 1368 1168 1233 1347 1145 1265 1493 1287 1218 1316 1279 1271 1068 1104 1387 1256 1313 1338 1243 1224 1438 969 1206 1164 1278 1205 1057 1081 1299 1437 1241 1381 1173 1282 1162 1276 1278 1427 1243 1220 1077 1294 1224 1241 1223 1188 1156 1288 1192 1243 1083 
1312 1263 1287 1043 1087 1216 1142 1142 1277 1140 1225 1183 1236 1259 1387 1287 1326 1189 1339 1489 1284 1272 1358 1220 1218 1175 1097 1371 1183 1448 1539 1101 1296 1547 1078 1194 1128 1430 1154 1225 1069 1187 1453 1288 1341 1152 1244 1332 1340 1344 1529 1321 1158 1266 1522 1230 1216 1397 1123 1137 1330 1375 1193 1190 
1093 1191 1182 1182 1100 1109 1040 1219 1275 1108 985 1110 1223 1408 1077 1075 1215 1217 1138 1391 1120 1118 1252 1234 1213 1007 1111 1254 1210 1271 1391 1126 1176 1310 1001 1220 1079 1267 1199 1108 989 1212 1238 1148 1287 1070 1209 1134 1185 1387 1347 1152 1155 1113 1260 1260 1193 1204 1092 1063 1274 1162 1157 1193 
1281 1186 1444 1219 1160 1258 1201 1314 1486 1183 1274 1173 1331 1466 1320 1336 1294 1349 1450 1556 1328 1309 1345 1293 1300 1276 1308 1475 1342 1401 1515 1319 1400 1461 962 1297 1137 1327 1242 1205 1149 1427 1616 1471 1325 1146 1328 1443 1464 1467 1450 1330 1280 1299 1462 1202 1193 1374 1170 1194 1376 1419 1378 1213 
1246 1290 1412 1235 1155 1203 1176 1315 1477 1281 1199 1240 1348 1387 1356 1379 1354 1398 1322 1659 1205 1396 1321 1248 1424 1138 1233 1444 1372 1502 1485 1155 1204 1521 1041 1219 1262 1505 1356 1270 1172 1228 1463 1377 1303 1261 1359 1294 1388 1395 1504 1306 1198 1104 1397 1245 1308 1439 1261 1331 1348 1386 1398 1304 
1459 1440 1628 1410 1417 1417 1341 1503 1496 1366 1286 1367 1401 1699 1450 1477 1445 1453 1493 1756 1310 1575 1537 1435 1572 1233 1265 1717 1452 1570 1651 1326 1540 1757 1256 1520 1395 1829 1394 1339 1222 1485 1461 1539 1485 1312 1533 1531 1593 1727 1711 1420 1452 1470 1647 1278 1469 1493 1303 1335 1550 1451 1472 1438 
1244 1319 1355 1130 1293 1134 1241 1229 1348 1282 1178 1210 1210 1458 1223 1379 1337 1266 1289 1499 1286 1320 1409 1270 1265 1171 1109 1381 1311 1357 1334 1291 1325 1484 1066 1245 1312 1428 1173 1133 1053 1303 1498 1248 1359 1128 1255 1346 1292 1386 1541 1204 1269 1331 1500 1092 1319 1301 1228 1134 1316 1233 1365 1286 
1322 1598 1421 1400 1372 1390 1435 1381 1367 1266 1406 1370 1497 1626 1363 1605 1618 1408 1365 1749 1362 1331 1721 1445 1431 1237 1294 1600 1419 1617 1678 1435 1500 1568 1230 1434 1374 1461 1319 1294 1234 1581 1571 1441 1548 1237 1519 1445 1440 1621 1738 1363 1412 1440 1710 1421 1471 1548 1358 1370 1524 1562 1440 1394 
1199 1407 1361 1180 1169 1255 1225 1256 1429 1155 1156 1286 1315 1478 1240 1269 1490 1278 1293 1514 1321 1257 1445 1250 1271 1092 1134 1519 1245 1396 1502 1309 1339 1407 1075 1336 1261 1433 1195 1165 1169 1329 1518 1249 1443 1119 1267 1305 1346 1380 1488 1245 1304 1248 1598 1217 1353 1332 1136 1259 1410 1280 1207 1131 
1122 1249 1120 1206 1204 1176 1163 1120 1121 960 1016 1023 1200 1333 1096 1333 1114 1211 1116 1438 1066 1052 1281 1185 1057 1075 1014 1272 1181 1202 1321 1186 1089 1232 896 1223 1126 1169 1078 1114 1055 1220 1252 1191 1203 1032 1069 1228 1086 1303 1409 1081 1146 1038 1322 1100 1176 1239 1075 1099 1135 1339 1189 1202 
1448 1556 1586 1486 1359 1454 1384 1559 1563 1482 1453 1462 1543 1722 1409 1507 1517 1534 1597 1871 1420 1510 1569 1493 1590 1299 1328 1667 1491 1573 1848 1348 1590 1691 1285 1538 1423 1693 1557 1402 1231 1507 1620 1607 1647 1317 1511 1575 1603 1712 1791 1596 1362 1486 1686 1507 1474 1667 1365 1442 1614 1574 1535 1488 
1447 1470 1492 1356 1427 1371 1355 1522 1483 1404 1347 1263 1499 1644 1414 1336 1503 1454 1500 1690 1421 1431 1586 1371 1527 1240 1323 1644 1535 1502 1715 1431 1656 1694 1048 1462 1250 1680 1436 1184 1161 1503 1573 1486 1571 1234 1484 1585 1527 1612 1698 1410 1307 1439 1623 1423 1422 1547 1354 1420 1527 1480 1497 1421 
1254 1271 1315 1162 1133 1279 1221 1219 1393 1332 1144 1124 1332 1369 1399 1371 1397 1302 1408 1680 1352 1218 1378 1216 1203 1166 1297 1507 1341 1369 1459 1234 1300 1514 1019 1086 1158 1420 1275 1281 1183 1317 1491 1301 1428 1259 1165 1412 1329 1388 1432 1252 1273 1217 1332 1234 1312 1360 1219 1173 1271 1426 1337 1294 
1282 1411 1332 1200 1204 1257 1267 1209 1289 1200 1158 1282 1336 1357 1241 1299 1573 1291 1299 1714 1397 1219 1490 1356 1343 1119 1314 1411 1374 1501 1481 1212 1239 1524 1097 1200 1126 1440 1192 1342 1133 1207 1347 1223 1476 1165 1318 1362 1339 1287 1586 1362 1172 1226 1527 1358 1290 1490 1151 1250 1328 1377 1280 1252 
1308 1296 1311 984 1099 1264 1109 1218 1249 1047 1058 1216 1275 1401 1267 1218 1329 1176 1320 1427 1320 1288 1350 1281 1132 1095 1209 1346 1283 1401 1473 1194 1424 1519 1071 1243 1225 1400 1187 1162 881 1230 1401 1274 1423 1165 1210 1248 1382 1372 1436 1296 1115 1140 1390 1283 1242 1284 1134 1184 1313 1254 1226 1202 
1344 1630 1548 1435 1339 1413 1355 1465 1525 1346 1361 1432 1558 1790 1488 1586 1750 1555 1459 1819 1460 1586 1747 1505 1518 1265 1435 1585 1547 1643 1763 1386 1580 1620 1297 1402 1471 1700 1465 1370 1276 1511 1718 1515 1590 1424 1521 1632 1599 1630 1711 1580 1464 1421 1665 1455 1566 1644 1411 1462 1655 1676 1464 1437 
1427 1438 1462 1428 1446 1361 1421 1437 1640 1403 1376 1463 1414 1574 1466 1567 1562 1561 1536 1771 1525 1383 1561 1431 1542 1262 1372 1748 1466 1598 1616 1502 1440 1660 1225 1484 1380 1572 1428 1375 1236 1448 1719 1492 1529 1393 1481 1568 1500 1556 1771 1448 1323 1492 1561 1492 1538 1583 1482 1338 1447 1440 1517 1427 
1262 1334 1317 1312 1149 1231 1259 1292 1352 1328 1124 1323 1383 1404 1389 1306 1451 1370 1340 1631 1318 1329 1458 1421 1242 1167 1184 1525 1309 1397 1493 1382 1371 1574 1046 1293 1144 1337 1230 1304 1153 1311 1563 1316 1416 1176 1277 1391 1391 1438 1573 1429 1215 1249 1415 1352 1233 1445 1279 1235 1261 1430 1334 1279 
1417 1471 1387 1372 1252 1419 1194 1307 1483 1345 1155 1309 1356 1530 1349 1490 1471 1336 1320 1632 1378 1452 1526 1377 1342 1244 1305 1454 1477 1483 1553 1293 1437 1581 1212 1379 1338 1494 1380 1256 1263 1304 1509 1372 1330 1253 1570 1466 1447 1583 1580 1291 1300 1248 1453 1307 1391 1388 1269 1292 1536 1507 1471 1296 
1228 1407 1442 1221 1179 1330 1254 1259 1336 1195 1154 1256 1268 1545 1285 1398 1357 1293 1446 1630 1290 1239 1477 1374 1290 1195 1230 1433 1410 1401 1561 1325 1449 1474 1128 1364 1171 1403 1234 1217 1073 1467 1436 1330 1407 1122 1372 1393 1528 1405 1529 1300 1262 1314 1486 1286 1429 1251 1118 1211 1364 1406 1287 1210 
1216 1272 1305 1143 1110 1186 1050 1195 1188 1113 1106 1160 1103 1224 1225 1225 1236 1055 1294 1399 1248 1249 1229 1308 1173 975 1076 1359 1130 1341 1314 1160 1243 1396 1007 1094 1209 1264 1187 1021 914 1132 1397 1266 1231 1136 1290 1204 1296 1312 1405 1269 1174 1306 1274 1100 1356 1263 1161 1151 1276 1183 1283 1125 
1455 1425 1662 1318 1194 1382 1336 1435 1512 1222 1367 1364 1320 1513 1360 1462 1501 1368 1526 1681 1476 1384 1486 1430 1464 1264 1316 1555 1457 1600 1607 1329 1460 1544 1069 1459 1323 1659 1403 1419 1200 1449 1644 1565 1484 1293 1396 1414 1474 1539 1626 1551 1358 1351 1541 1523 1489 1573 1315 1444 1426 1485 1440 1447 
1104 1266 1241 1159 1181 1084 1123 1189 1259 1052 1047 1166 1279 1503 1007 1136 1210 1229 1369 1457 1168 1016 1328 1171 1257 1003 1015 1319 1202 1154 1340 1282 1274 1415 1051 1272 1094 1403 1267 934 945 1258 1312 1182 1278 1129 1274 1249 1243 1321 1450 1155 1140 1162 1416 1194 1287 1317 1222 1139 1274 1230 1053 1077 
1233 1565 1493 1505 1458 1339 1382 1376 1614 1421 1373 1353 1477 1659 1388 1555 1579 1582 1573 1871 1415 1352 1653 1374 1618 1309 1366 1711 1493 1562 1698 1587 1547 1646 1220 1511 1377 1601 1429 1212 1308 1504 1691 1468 1474 1252 1481 1550 1578 1601 1678 1447 1378 1465 1674 1481 1493 1653 1405 1442 1543 1655 1495 1374 
1379 1403 1617 1383 1367 1247 1437 1455 1473 1383 1388 1388 1439 1696 1429 1519 1568 1469 1465 1820 1397 1517 1584 1445 1447 1196 1337 1604 1427 1601 1607 1414 1429 1646 1230 1498 1370 1628 1364 1420 1230 1532 1607 1419 1500 1317 1553 1503 1462 1563 1681 1527 1502 1485 1683 1390 1561 1420 1461 1455 1534 1450 1373 1427 
1495 1338 1472 1338 1268 1236 1237 1328 1422 1313 1304 1357 1343 1519 1314 1423 1386 1331 1497 1584 1306 1434 1389 1280 1392 1266 1210 1575 1492 1440 1540 1399 1434 1706 1044 1270 1208 1443 1212 1215 1260 1323 1562 1393 1406 1360 1440 1473 1578 1462 1585 1403 1324 1345 1504 1197 1290 1460 1329 1280 1369 1463 1282 1321 
1299 1522 1452 1342 1337 1303 1265 1382 1447 1338 1174 1272 1311 1533 1398 1388 1475 1336 1339 1716 1314 1345 1472 1366 1326 1179 1245 1671 1371 1436 1539 1444 1432 1562 1099 1391 1369 1505 1365 1168 1144 1366 1526 1374 1434 1228 1365 1465 1390 1457 1465 1366 1406 1449 1576 1282 1479 1363 1333 1423 1538 1454 1446 1392 
1438 1560 1500 1335 1272 1364 1319 1499 1525 1449 1306 1361 1493 1616 1406 1544 1547 1336 1476 1712 1294 1435 1694 1421 1398 1279 1259 1529 1527 1563 1639 1328 1584 1633 1130 1371 1311 1585 1422 1177 1212 1451 1670 1556 1445 1318 1514 1420 1514 1564 1648 1407 1430 1446 1736 1253 1430 1521 1293 1307 1480 1505 1503 1321 
1254 1205 1307 1188 1078 1217 1068 1101 1265 1091 1142 1185 1238 1361 1304 1329 1428 1213 1234 1415 1250 1287 1357 1324 1261 1162 1203 1382 1327 1313 1363 1277 1312 1498 1025 1153 1325 1400 1179 1032 1148 1239 1436 1309 1250 1249 1476 1367 1392 1294 1368 1312 1287 1273 1426 1170 1224 1435 1292 1211 1327 1327 1340 1236 
1200 1377 1178 1153 986 1288 1119 1120 1219 1125 1072 1148 1287 1319 1203 1292 1232 1218 1190 1572 1205 1110 1367 1275 883 1103 1163 1389 1187 1289 1299 1104 1209 1490 1081 1097 1044 1309 1183 1161 1103 1203 1363 1147 1295 1160 1287 1196 1234 1242 1396 1115 1280 1086 1375 1230 1307 1132 1045 1097 1196 1372 1288 1197 
1088 1320 1373 1180 1147 1220 1128 1280 1254 1229 1090 1193 1310 1347 1286 1368 1335 1214 1196 1537 1186 1309 1334 1199 1209 1196 1056 1400 1114 1319 1442 1208 1322 1410 1062 1343 1287 1360 1221 1130 1093 1260 1419 1356 1349 987 1258 1236 1336 1347 1520 1261 1175 1173 1485 1233 1291 1396 1157 1287 1442 1365 1370 1107 
1179 1316 1223 1083 1298 1093 1272 1179 1409 1086 1053 1169 1246 1411 1178 1319 1306 1163 1259 1569 1276 1275 1411 1196 1197 1150 1149 1377 1255 1338 1410 1276 1265 1364 968 1200 1143 1354 1100 1199 1097 1260 1363 1313 1407 1088 1193 1133 1306 1353 1396 1306 1222 1232 1307 1131 1264 1245 1078 1132 1182 1277 1200 1137 
1137 1455 1422 1273 1399 1333 1322 1235 1520 1329 1281 1434 1327 1404 1497 1430 1400 1371 1308 1745 1418 1413 1394 1237 1338 1137 1232 1500 1223 1439 1682 1324 1414 1520 1205 1280 1279 1578 1471 1309 1163 1306 1500 1348 1435 1260 1380 1525 1318 1449 1622 1369 1332 1379 1477 1252 1469 1440 1350 1349 1449 1415 1493 1431 
1179 1539 1481 1373 1275 1258 1269 1369 1482 1393 1333 1390 1385 1641 1450 1387 1462 1533 1393 1727 1362 1461 1486 1406 1467 1105 1319 1675 1328 1413 1581 1469 1585 1657 1151 1397 1203 1608 1468 1266 1130 1372 1658 1452 1498 1177 1359 1445 1555 1486 1700 1412 1280 1450 1500 1493 1437 1500 1323 1284 1544 1420 1558 1291 
1273 1377 1396 1258 1195 1125 1272 1348 1465 1306 1250 1272 1369 1502 1249 1393 1468 1401 1469 1693 1213 1303 1466 1277 1278 1194 1328 1497 1438 1486 1572 1319 1465 1578 979 1275 1032 1517 1221 1273 1181 1403 1520 1343 1485 1196 1370 1339 1453 1347 1578 1363 1317 1251 1533 1322 1257 1407 1228 1191 1240 1376 1269 1265 
1261 1361 1307 1236 1190 1251 1198 1299 1140 1116 1018 1158 1183 1336 1204 1395 1359 1184 1297 1388 1250 1151 1429 1315 1157 1086 1121 1410 1327 1291 1445 1217 1352 1269 1054 1326 1357 1366 1253 999 947 1341 1465 1351 1246 1128 1340 1338 1316 1315 1405 1195 1246 1213 1389 1125 1376 1275 1202 1122 1199 1345 1245 1304 
1184 1386 1276 1256 1156 1165 1182 1250 1363 1158 1137 1160 1288 1493 1196 1311 1233 1265 1342 1503 1156 1318 1301 1203 1308 1182 1165 1458 1314 1258 1456 1130 1411 1270 972 1353 1024 1330 1225 1092 1086 1279 1428 1311 1248 1080 1337 1401 1381 1391 1500 1213 1103 1272 1380 1122 1235 1265 1038 1184 1187 1330 1386 1203 
1297 1361 1323 1246 1188 1281 1220 1404 1461 1224 1230 1332 1471 1435 1324 1275 1420 1349 1296 1552 1284 1323 1550 1292 1354 1204 1235 1443 1440 1535 1552 1213 1180 1533 1075 1350 1292 1449 1367 1203 1240 1297 1438 1412 1338 1167 1393 1256 1484 1437 1428 1286 1254 1147 1617 1294 1357 1452 1179 1302 1490 1405 1331 1245 
1232 1464 1180 1212 1186 1125 1199 1245 1292 1208 1075 1247 1352 1484 1250 1311 1300 1317 1423 1500 1176 1279 1438 1318 1165 1135 1124 1487 1341 1412 1416 1328 1367 1450 1049 1316 1221 1393 1300 1107 1037 1243 1562 1261 1282 1155 1257 1269 1387 1357 1540 1186 1286 1211 1510 1226 1283 1383 1074 1184 1180 1333 1262 1223 
1358 1495 1487 1321 1272 1399 1292 1420 1398 1345 1323 1327 1450 1526 1415 1543 1532 1236 1369 1677 1512 1436 1501 1231 1311 1204 1246 1536 1393 1352 1671 1255 1508 1491 1232 1387 1425 1540 1484 1278 1198 1473 1588 1458 1508 1219 1478 1529 1465 1482 1624 1314 1288 1338 1459 1384 1599 1407 1307 1338 1551 1448 1498 1414 
1316 1358 1510 1247 1110 1200 1255 1445 1411 1272 1126 1204 1295 1489 1342 1450 1427 1323 1348 1692 1230 1351 1470 1303 1410 1232 1182 1561 1310 1352 1463 1250 1390 1381 1075 1270 1401 1523 1382 1238 1151 1351 1557 1408 1410 1243 1351 1411 1386 1410 1609 1307 1347 1328 1515 1189 1478 1409 1319 1302 1382 1464 1347 1318 
1442 1633 1603 1436 1405 1406 1412 1422 1654 1396 1425 1529 1542 1803 1516 1549 1619 1513 1493 1813 1504 1553 1659 1504 1500 1382 1345 1637 1537 1573 1764 1486 1622 1738 1274 1581 1366 1720 1537 1442 1403 1492 1779 1585 1566 1438 1473 1652 1618 1554 1829 1419 1380 1478 1751 1453 1583 1628 1373 1418 1555 1646 1551 1499 
1252 1349 1366 1209 1146 1232 1098 1196 1401 1060 1163 1336 1259 1490 1222 1273 1429 1272 1169 1489 1200 1368 1408 1272 1407 1128 1106 1355 1360 1314 1515 1236 1427 1287 1203 1286 1235 1396 1292 1090 1090 1350 1512 1295 1240 1265 1355 1392 1333 1398 1403 1248 1287 1198 1424 1280 1288 1297 1174 1289 1478 1341 1282 1308 
1102 1236 1108 877 958 1226 960 987 1139 830 945 997 1169 1158 1130 1123 1249 1069 1037 1244 1115 1096 1263 1191 1173 915 979 1194 1184 1288 1308 1022 1210 1221 936 1009 1199 1315 1015 1023 798 1154 1236 1196 1114 998 1192 1129 1220 1178 1170 1091 1161 961 1287 1066 1070 1213 986 1052 1262 1223 1039 1129 
1125 1189 1292 1161 1149 1196 998 1191 1313 1065 1170 1177 1215 1246 1246 1239 1373 1192 1196 1569 1156 1313 1197 1113 1170 980 1224 1407 1195 1375 1370 1110 1241 1286 953 1154 1262 1278 1218 1230 934 1200 1443 1263 1163 1126 1177 1289 1298 1373 1413 1129 1066 1149 1205 1262 1270 1356 1133 1212 1288 1259 1280 1232 
1310 1285 1276 1195 1210 1158 1119 1290 1343 1207 1129 1152 1304 1484 1221 1343 1233 1309 1219 1427 1093 1336 1403 1219 1272 1175 1067 1283 1425 1262 1466 1274 1457 1543 991 1268 1263 1379 1146 1120 1086 1236 1399 1370 1229 1105 1191 1289 1455 1432 1476 1215 1152 1224 1434 1105 1184 1266 1208 1024 1325 1342 1234 1183 
1198 1384 1513 1368 1235 1352 1263 1310 1326 1241 1298 1266 1286 1469 1310 1439 1436 1432 1405 1664 1222 1300 1453 1302 1367 1053 1190 1651 1267 1442 1513 1378 1409 1506 1167 1328 1388 1473 1277 1094 1203 1397 1568 1409 1296 1246 1516 1421 1474 1422 1563 1435 1422 1361 1501 1232 1426 1445 1287 1350 1386 1466 1377 1382 
1190 1312 1320 1081 1116 1164 1228 1279 1190 1167 1045 1138 1219 1266 1167 1128 1278 1091 1302 1472 1309 1188 1245 1209 1099 985 1047 1297 1254 1230 1433 1135 1259 1335 953 1127 1214 1361 1246 1059 890 1239 1308 1182 1367 1093 1136 1193 1179 1216 1285 1265 1213 1150 1352 1117 1322 1164 1202 1236 1136 1124 1166 1173 
1035 1273 1311 1277 1229 1115 1190 1220 1196 1172 994 1168 1231 1467 1351 1216 1405 1447 1316 1527 1165 1296 1309 1281 1280 1014 1160 1323 1288 1238 1366 1191 1313 1444 957 1194 1150 1525 1230 1037 960 1259 1451 1223 1275 1224 1275 1433 1298 1276 1504 1351 1203 1157 1307 1223 1160 1423 1345 1163 1168 1357 1284 1276 
1401 1463 1493 1366 1335 1345 1278 1297 1482 1325 1346 1369 1439 1591 1477 1422 1671 1477 1202 1638 1377 1559 1538 1435 1459 1117 1329 1535 1466 1560 1642 1411 1573 1582 1227 1412 1441 1707 1342 1269 1189 1515 1712 1461 1463 1438 1388 1492 1443 1471 1628 1388 1526 1342 1606 1383 1425 1518 1327 1295 1492 1347 1442 1460 
979 1170 1192 1092 1206 956 1022 1128 1263 1063 976 1135 1105 1299 1054 1167 1143 1223 1165 1396 1026 1132 1198 1102 1077 987 1048 1233 1161 1233 1359 1236 1299 1311 881 1192 1057 1237 1216 1002 996 1066 1314 1115 1179 1037 1105 1132 1102 1142 1352 1093 1077 1079 1270 1145 1180 1236 1173 1206 1078 1207 1234 1208 
1242 1335 1298 1202 1133 1184 1069 1200 1175 1124 1230 1122 1252 1411 1137 1292 1399 1246 1268 1494 1100 1257 1320 1209 1336 1010 1099 1394 1351 1320 1399 1212 1307 1338 1015 1190 1144 1160 1103 1080 1119 1388 1372 1224 1284 1121 1268 1310 1299 1313 1513 1218 1221 1207 1426 1229 1153 1235 1112 1117 1336 1342 1262 1174 
1271 1369 1607 1338 1295 1282 1363 1394 1438 1334 1366 1351 1396 1574 1419 1489 1465 1416 1480 1791 1345 1460 1529 1265 1400 1217 1305 1582 1326 1387 1564 1266 1601 1615 1099 1356 1226 1667 1311 1303 1154 1579 1607 1493 1460 1184 1419 1555 1522 1486 1717 1390 1363 1390 1555 1285 1487 1513 1340 1320 1398 1444 1452 1354 
