250 271 297 254 235 118 263 306 179 155 248 351 215 164 278 420 
161 174 259 211 131 187 199 253 88 135 234 256 101 210 166 163 
302 353 468 388 368 306 348 445 247 302 406 464 250 293 305 365 
317 398 410 351 322 313 327 395 188 312 395 418 236 326 314 301 
179 299 287 307 272 233 223 290 170 251 268 347 165 187 252 245 
251 329 319 239 250 182 281 347 133 219 246 369 214 198 290 307 
260 278 322 256 255 217 236 281 194 203 310 324 212 166 225 273 
313 351 383 335 209 232 339 390 107 249 291 403 244 272 267 289 
240 288 365 286 298 294 257 373 183 237 363 386 193 258 257 288 
234 320 327 322 311 270 280 355 219 249 344 369 169 232 267 239 
305 377 404 284 327 327 303 401 167 286 416 413 173 253 273 246 
326 362 400 376 296 219 329 371 237 254 319 472 299 248 360 493 
349 293 331 266 312 273 282 330 272 234 382 442 207 241 262 312 
274 360 385 298 339 253 302 396 207 237 336 447 278 228 291 369 
423 497 526 432 484 369 432 549 322 349 517 612 344 382 421 505 
265 322 388 280 249 219 264 320 166 230 310 337 166 195 273 230 
