292 282 225 455 292 279 363 293 286 311 296 428 323 384 382 306 
174 265 179 382 193 218 205 181 245 204 243 285 193 301 254 242 
305 247 250 348 239 221 323 273 341 294 286 317 340 330 413 241 
293 315 285 503 256 334 337 320 295 412 362 351 378 462 348 311 
255 196 218 307 238 187 283 242 261 276 254 300 286 257 255 223 
402 455 349 618 351 424 475 397 410 469 482 492 453 531 530 343 
255 330 269 486 236 354 302 267 292 376 317 346 339 438 343 311 
311 280 236 391 262 257 348 284 383 268 289 339 331 383 366 296 
329 298 212 335 230 211 322 284 366 263 303 300 330 319 406 242 
364 332 231 453 199 299 232 277 363 343 373 345 262 399 390 293 
371 321 283 524 268 317 381 316 359 390 384 447 365 487 393 387 
374 289 227 494 249 278 350 303 305 377 345 416 353 462 401 381 
364 346 284 562 356 368 393 415 345 449 406 483 380 453 509 377 
379 307 251 510 309 325 415 342 372 392 337 453 379 457 471 407 
345 256 246 382 240 232 356 273 296 340 304 384 363 374 370 290 
254 262 166 416 228 239 279 266 269 281 231 354 315 333 347 289 
