288 362 337 323 365 328 364 329 367 295 259 457 335 293 338 240 
333 309 294 315 380 357 334 280 374 313 247 367 354 288 354 299 
351 312 330 298 321 357 377 325 338 362 332 410 367 327 363 268 
311 354 318 292 357 385 331 266 345 344 329 420 363 350 357 315 
348 210 241 243 262 343 313 232 342 298 289 348 377 292 372 304 
298 263 287 289 272 238 341 280 323 300 269 268 275 253 303 296 
287 384 315 288 353 393 293 309 399 330 321 418 385 343 349 379 
375 345 320 297 404 405 329 212 308 292 272 359 316 333 338 237 
333 285 321 287 308 291 301 192 286 303 270 262 264 314 278 262 
431 282 369 320 343 379 325 270 404 381 349 416 447 380 395 356 
289 332 357 322 361 323 311 273 321 339 330 362 295 279 254 255 
363 293 369 318 333 389 339 269 360 378 322 357 392 354 342 334 
372 286 316 279 295 297 267 271 316 327 350 313 341 324 325 264 
360 351 341 312 343 408 325 296 416 355 323 318 388 350 363 379 
273 278 247 269 324 335 295 226 344 249 208 352 311 271 326 244 
360 296 312 252 259 287 315 248 267 353 337 286 319 329 320 275 
