0 0 0 0 86 0 24 42 14 0 24 0 0 0 40 0 0 0 0 0 0 0 0 0 0 18 56 50 0 12 49 0 8 0 0 0 0 0 0 0 0 0 56 36 18 40 14 0 0 14 0 0 60 0 8 0 0 0 1 0 0 36 40 0 
0 1 40 0 0 36 24 26 56 12 27 12 0 21 7 9 0 0 0 0 18 0 30 6 36 9 0 2 28 2 20 16 15 6 8 0 0 16 28 75 0 0 2 0 0 0 0 0 0 0 0 68 18 7 0 55 0 40 0 0 16 0 0 6 
27 0 18 9 0 0 0 24 0 9 0 0 15 0 12 0 0 128 0 0 6 54 18 16 0 0 0 9 0 0 18 0 0 0 24 0 0 9 0 36 0 0 54 0 0 0 81 0 9 9 0 21 36 0 0 0 20 0 4 0 0 0 32 0 
56 7 56 0 56 0 0 42 0 0 0 24 0 0 49 16 0 32 0 0 0 0 0 42 0 18 0 14 0 0 0 56 0 0 56 0 0 39 10 0 0 0 24 36 18 0 0 0 4 0 0 0 54 121 5 21 0 0 0 0 0 56 0 42 
0 0 0 20 18 66 0 0 0 36 42 0 6 25 10 0 0 0 0 16 0 0 0 5 54 0 0 2 20 10 0 4 20 0 0 0 8 0 60 0 0 0 0 0 0 50 8 4 0 0 0 0 36 24 18 0 20 0 0 28 0 48 0 0 
0 0 0 0 72 0 0 0 0 0 42 0 0 12 44 0 0 0 0 0 3 0 0 3 19 0 0 16 0 0 0 0 15 0 0 0 0 0 0 0 0 0 0 0 0 40 0 0 0 0 0 0 0 0 0 0 0 24 4 0 0 0 8 0 
0 27 0 0 0 3 24 16 27 0 0 70 27 0 0 6 29 8 20 0 96 45 0 34 0 0 0 20 15 17 21 32 12 24 0 36 21 99 10 15 0 21 44 38 0 3 0 0 24 0 0 30 108 0 5 28 0 0 6 0 64 20 19 0 
42 54 0 0 42 0 0 0 18 0 0 18 0 0 0 36 54 0 0 0 0 0 0 0 0 0 0 0 0 0 0 0 36 30 0 0 0 42 12 42 0 0 0 0 0 0 0 0 0 0 42 0 36 54 6 0 0 0 0 0 0 24 30 0 
0 72 0 1 0 0 24 0 24 2 0 0 0 0 31 32 72 0 0 40 0 0 4 0 0 0 0 26 0 12 0 30 66 49 0 12 0 0 36 56 0 0 0 0 0 0 0 0 32 20 56 0 50 0 8 0 0 0 0 14 0 0 90 0 
12 0 24 4 72 0 0 28 0 0 36 0 0 24 0 0 0 0 0 0 0 135 20 0 36 12 79 14 0 0 8 0 30 12 0 0 0 0 76 42 45 0 24 66 37 0 0 28 0 4 0 0 30 0 0 0 0 81 0 0 25 24 0 72 
0 1 75 0 63 0 30 29 0 9 5 0 19 0 19 42 0 24 0 67 6 90 12 21 15 15 56 2 25 67 8 8 23 0 32 0 1 0 56 21 20 19 88 0 0 5 0 41 0 0 0 26 45 7 15 40 0 16 0 0 0 6 47 69 
98 81 66 56 49 0 0 64 27 28 0 21 20 7 23 50 81 77 0 0 60 36 30 0 0 0 0 8 2 18 113 56 69 66 144 0 0 0 0 125 0 0 0 51 0 0 40 18 48 8 72 28 4 63 41 76 9 40 0 8 0 0 87 0 
9 0 0 0 0 72 0 3 0 48 58 20 6 84 36 12 5 6 0 15 13 9 22 15 81 21 5 0 44 22 0 0 0 0 0 8 42 0 66 16 18 9 15 0 0 0 94 21 0 0 84 31 44 0 0 16 0 0 0 0 0 0 0 0 
0 0 12 56 0 0 30 16 0 6 0 0 28 0 91 0 51 24 25 56 4 48 32 8 0 0 24 66 2 21 85 0 8 0 72 31 56 0 51 0 80 14 45 89 64 2 0 0 56 25 0 44 0 0 0 35 0 0 0 42 40 0 0 0 
40 0 0 0 0 0 0 8 0 0 0 32 0 0 16 4 0 136 0 40 32 45 0 0 0 0 32 0 16 0 56 24 0 0 48 0 0 0 0 30 0 0 0 27 0 0 0 20 0 0 0 0 10 0 56 0 0 30 16 0 48 0 0 20 
36 0 36 7 0 0 27 68 63 14 0 16 24 0 0 0 69 61 7 0 56 15 38 25 0 9 20 42 53 16 0 42 0 0 0 0 7 5 0 101 0 14 30 33 9 42 57 0 5 0 0 63 32 0 0 0 0 0 0 0 0 18 25 0 
0 0 12 0 0 0 39 17 36 0 0 56 0 0 0 10 41 7 0 0 93 0 0 40 0 0 0 0 6 23 36 32 0 24 0 20 20 64 6 27 0 0 8 0 24 0 0 0 0 0 0 31 82 0 0 0 0 0 0 42 64 0 0 0 
0 63 12 0 19 7 56 16 52 6 45 54 10 28 13 0 0 21 0 0 19 67 0 0 42 0 40 31 28 0 84 0 35 0 16 0 21 0 0 35 0 0 40 0 0 5 10 0 0 10 0 14 0 0 0 0 0 42 14 0 0 0 21 0 
12 0 0 6 0 1 16 1 24 18 0 6 6 0 0 16 26 0 0 0 0 63 0 64 0 0 0 4 0 24 26 0 0 0 0 32 35 0 21 42 0 0 0 21 12 15 8 32 0 4 0 16 31 0 18 0 0 45 0 24 0 18 0 0 
20 0 0 42 0 0 0 0 0 12 0 0 0 45 0 0 0 108 0 0 16 0 24 45 0 0 0 36 36 18 28 36 0 0 0 0 0 0 0 0 0 0 0 0 0 0 0 0 0 0 0 0 0 0 28 0 45 0 0 0 0 0 0 0 
0 0 0 0 0 0 0 0 0 0 0 0 45 0 0 0 0 0 0 0 0 0 16 0 0 0 12 8 5 0 0 0 20 0 0 40 0 0 0 0 36 35 0 0 20 5 0 0 40 0 0 0 0 0 0 0 0 0 0 0 20 0 0 0 
0 0 40 0 0 0 0 2 0 0 0 8 8 0 0 0 0 16 0 22 0 0 0 0 0 0 0 0 10 0 0 6 0 20 12 0 0 0 20 0 0 8 0 35 0 0 0 12 0 0 0 0 0 0 10 0 0 5 4 0 12 0 14 0 
0 25 72 20 45 0 0 1 0 8 22 8 15 0 37 0 6 1 10 1 22 28 30 12 6 3 0 51 4 2 20 0 15 36 0 0 18 5 81 0 4 3 23 79 0 25 0 7 0 0 21 37 25 0 0 54 0 67 12 0 0 14 24 0 
0 0 42 16 0 8 8 64 0 36 0 48 59 35 28 28 18 56 30 0 14 99 0 0 0 0 0 30 10 0 16 4 0 28 64 0 0 0 0 4 0 0 54 48 0 4 40 0 0 0 45 85 28 4 0 42 0 24 1 24 0 0 28 36 
0 0 42 0 0 0 0 0 24 0 0 0 0 0 0 52 8 0 0 48 0 0 0 64 0 0 0 0 0 60 0 0 6 0 0 32 32 0 0 18 0 0 36 0 0 0 0 0 0 0 0 16 16 0 0 18 0 0 3 0 0 0 24 0 
0 0 72 0 18 0 66 46 28 0 6 0 72 0 42 0 0 24 0 54 0 63 0 30 18 30 16 30 40 39 0 0 50 28 0 82 0 0 98 66 24 74 36 88 12 8 0 62 112 30 0 34 107 0 18 0 15 37 0 0 0 24 72 18 
0 1 0 0 63 0 0 0 0 0 0 64 0 0 0 0 4 14 2 0 32 90 36 0 0 0 56 0 10 0 24 0 18 0 0 0 2 0 56 22 0 4 21 9 0 12 0 12 0 0 0 0 6 7 0 48 0 66 0 0 0 0 0 63 
0 2 35 0 0 9 0 0 0 13 13 0 0 0 0 0 0 0 0 0 0 0 0 0 9 0 0 0 0 0 36 0 0 0 18 0 0 0 7 22 0 0 0 0 0 9 0 15 40 0 0 28 0 23 0 30 0 0 0 0 0 0 0 81 
3 45 18 9 0 5 40 24 45 9 0 10 15 10 12 10 5 24 0 0 6 62 0 42 0 0 0 1 28 19 37 0 0 0 24 20 35 0 0 25 0 0 0 0 0 0 0 0 0 1 0 31 10 0 0 0 0 0 12 0 0 0 31 0 
72 27 8 0 42 0 0 0 9 9 0 18 96 21 8 73 27 54 0 0 24 3 2 0 0 0 0 0 12 0 42 71 42 92 0 48 0 0 4 25 0 42 0 7 0 6 33 0 48 0 48 0 16 54 42 0 0 1 0 0 0 0 98 0 
7 45 48 0 7 59 40 64 30 42 36 13 40 0 48 2 0 64 0 0 28 107 6 12 58 0 0 32 20 0 39 0 3 0 64 0 15 0 42 25 0 0 0 0 0 0 0 0 0 0 0 56 0 9 0 8 0 32 26 0 0 0 47 0 
0 0 0 0 6 0 54 0 6 0 0 0 0 0 32 0 6 57 3 0 63 0 120 24 8 0 24 82 15 81 53 0 42 0 0 36 3 6 45 0 0 6 60 0 0 18 6 0 6 6 54 0 81 0 18 64 0 112 32 0 0 0 136 0 
0 0 0 4 0 0 0 0 0 0 0 8 0 0 0 0 0 0 0 0 0 0 0 0 0 0 0 0 0 0 0 0 0 0 0 0 0 8 0 0 0 0 0 0 0 0 0 0 36 0 0 0 0 0 20 0 0 0 0 0 12 0 0 0 
0 0 0 0 0 15 16 0 27 60 54 0 12 36 0 18 25 24 8 6 62 75 2 72 54 18 0 36 40 27 36 5 45 0 18 36 98 0 36 27 8 16 0 13 0 57 16 20 0 0 48 18 34 39 36 0 25 72 0 0 0 42 0 81 
0 3 42 0 0 18 10 0 0 45 0 0 15 0 0 36 12 0 0 48 0 0 0 0 0 0 0 0 0 36 44 6 6 0 16 0 0 0 47 38 0 0 36 0 8 8 20 10 0 0 0 0 12 65 45 18 30 0 0 14 0 0 0 72 
40 0 0 0 0 0 25 0 0 9 0 0 0 21 0 0 30 72 0 0 32 0 42 0 0 0 0 0 6 0 114 0 21 0 0 0 0 0 5 0 0 0 0 0 20 0 24 0 0 0 27 0 12 0 56 56 0 56 0 35 0 0 0 0 
0 0 0 0 72 0 0 20 0 9 63 0 0 36 0 0 0 0 0 0 87 96 16 0 54 0 64 0 0 0 0 0 45 0 40 0 0 0 64 67 0 0 24 81 0 0 92 0 0 0 0 36 32 0 54 0 81 54 0 5 0 0 0 72 
0 76 32 0 54 0 24 2 24 0 0 8 0 0 28 32 72 16 0 19 15 54 43 24 0 27 48 8 0 30 0 38 48 40 44 20 0 0 73 56 12 0 18 6 0 0 0 0 0 0 86 0 0 28 0 12 0 0 4 0 12 0 40 78 
0 54 0 9 0 45 0 0 18 96 30 82 27 0 0 24 54 8 0 0 24 0 8 0 45 0 6 4 0 0 0 0 36 30 0 0 0 74 132 42 18 0 0 0 10 0 36 18 81 0 42 0 48 0 134 0 0 0 0 0 37 32 30 0 
0 0 12 0 0 0 0 19 0 6 3 0 37 0 28 0 0 74 0 7 10 18 36 17 11 9 27 34 15 6 0 0 12 0 16 24 14 7 0 0 95 30 57 0 45 3 0 21 31 0 0 17 0 0 0 0 0 12 11 0 45 0 40 0 
0 6 48 0 8 0 35 0 8 0 0 0 0 0 42 0 42 0 0 0 0 0 0 36 0 0 32 36 0 0 70 48 0 0 48 0 0 0 7 0 0 0 32 0 28 0 8 0 0 8 0 0 0 42 0 18 0 0 0 49 0 0 0 36 
0 0 42 2 8 1 13 89 8 21 0 6 59 0 30 0 0 56 0 36 38 63 0 0 0 0 32 24 30 6 28 16 4 6 120 0 0 0 0 56 0 24 32 0 0 0 40 36 0 8 0 49 19 0 34 0 0 3 0 11 0 0 70 0 
45 0 0 0 0 0 0 0 0 0 7 28 58 0 0 0 25 1 0 42 38 0 0 0 0 0 25 0 35 20 0 0 0 0 0 0 0 0 0 0 0 28 0 0 0 0 15 42 0 0 0 28 0 0 35 0 0 0 0 0 0 0 49 0 
0 0 0 64 0 0 0 0 0 0 0 0 0 0 0 0 0 0 0 0 0 0 0 0 0 0 0 0 0 24 56 0 0 0 64 0 0 0 0 0 0 0 0 56 0 0 0 0 0 0 0 0 0 0 0 0 0 0 0 0 0 0 0 0 
45 35 0 33 0 18 0 0 0 0 0 10 21 0 0 0 0 121 0 20 36 0 0 20 0 0 0 0 0 0 63 6 25 0 0 0 0 17 63 0 0 0 0 0 0 0 0 0 45 0 7 0 82 36 88 0 55 0 0 35 15 0 0 0 
40 0 63 16 0 0 0 6 0 18 6 0 0 0 36 0 0 134 0 26 32 0 48 24 18 18 0 0 24 18 102 0 34 0 16 0 42 7 0 9 30 18 72 14 0 0 0 69 79 0 0 6 14 0 56 118 0 64 0 14 0 0 0 0 
3 0 0 1 0 15 0 1 12 16 1 0 0 0 0 8 4 0 0 1 20 32 0 35 3 3 0 25 4 14 2 5 0 0 0 16 52 56 16 0 4 3 5 0 0 0 0 7 0 1 32 9 66 30 8 0 25 0 0 0 0 60 0 0 
0 9 0 0 16 1 44 34 22 4 0 2 0 0 0 0 77 0 35 0 23 57 0 40 0 0 64 89 4 20 63 8 12 6 0 0 12 16 0 5 0 0 129 80 0 0 16 0 0 16 8 42 72 0 12 49 0 0 2 0 16 7 91 0 
0 81 14 0 0 0 0 0 27 0 0 0 0 0 60 48 81 0 0 80 0 0 6 0 0 0 0 40 0 12 4 32 59 57 0 24 0 14 76 69 0 0 12 0 0 0 0 0 64 40 63 0 12 0 2 14 0 8 0 0 0 8 69 0 
0 0 0 14 72 7 37 7 0 0 0 42 0 0 0 0 0 0 0 0 0 72 54 0 0 0 64 0 0 15 52 0 37 0 8 0 0 0 64 4 0 0 24 0 0 4 0 0 0 0 0 0 52 4 10 72 0 93 0 21 0 0 40 108 
0 9 72 0 0 0 72 0 0 89 2 0 51 0 79 4 0 0 0 63 10 16 9 54 0 81 32 30 46 0 32 72 0 0 88 0 18 0 81 8 36 24 0 30 0 8 36 54 0 0 16 8 0 71 111 27 0 0 0 0 0 14 42 146 
35 0 54 0 43 0 0 72 11 27 0 15 45 0 36 12 1 72 0 0 18 81 0 8 0 0 32 24 0 3 28 0 0 0 72 4 4 0 0 0 0 0 32 0 0 0 8 0 0 8 0 65 2 45 0 0 0 0 5 0 0 0 40 0 
28 0 0 8 28 0 25 28 0 16 0 12 0 0 0 8 79 16 0 0 0 0 32 35 0 0 0 48 0 0 30 48 0 0 0 0 0 2 5 0 0 0 12 21 20 0 0 0 2 0 0 0 0 36 0 0 0 0 0 35 0 0 35 0 
0 0 0 0 8 0 24 9 8 0 0 84 0 0 0 0 0 78 0 45 18 0 0 0 0 0 32 24 0 12 28 27 8 0 54 0 0 0 0 0 0 0 32 0 0 0 8 0 0 8 0 0 36 0 8 0 0 0 18 0 54 0 32 0 
0 0 0 0 0 0 0 36 0 66 0 32 84 28 0 63 49 136 0 58 0 0 0 35 0 0 0 0 23 0 4 33 0 63 50 0 0 9 54 1 0 12 54 21 0 1 56 30 9 0 36 0 16 1 69 0 0 0 16 0 48 0 101 9 
15 0 0 0 0 0 0 7 0 0 54 0 36 36 6 0 6 69 3 56 87 0 0 1 54 0 0 0 60 7 21 28 45 21 0 0 10 60 0 0 1 42 31 0 0 18 0 54 4 0 0 0 63 0 66 0 0 54 0 0 56 0 63 0 
0 81 0 0 0 0 0 14 27 1 2 0 36 0 30 36 81 5 0 64 8 0 0 5 0 6 0 0 45 0 0 0 54 45 0 0 35 0 0 63 5 36 0 21 6 0 0 54 0 0 63 8 8 0 51 0 9 0 0 0 0 12 108 0 
0 0 28 2 0 0 0 2 0 8 0 12 0 0 0 0 24 16 40 10 15 48 40 0 0 0 0 40 0 30 0 6 0 0 12 20 0 4 25 4 0 0 72 64 0 0 0 12 50 0 30 48 0 0 10 80 0 0 9 0 18 0 40 0 
0 0 0 4 0 0 0 24 0 2 18 90 48 47 20 34 42 8 0 54 24 0 4 30 18 15 40 6 85 0 0 8 15 14 0 0 0 6 0 5 0 36 0 33 0 0 0 54 27 0 0 0 0 0 60 20 0 18 0 0 9 0 103 25 
87 0 67 36 42 0 3 3 7 7 0 54 0 108 4 94 0 153 0 72 92 0 0 45 0 27 8 0 78 72 63 0 9 0 0 0 8 0 0 45 0 0 54 66 0 40 0 0 0 0 0 7 0 54 105 63 108 0 0 0 0 48 0 5 
0 27 0 0 18 3 24 6 36 32 0 38 81 0 30 0 0 54 0 40 43 85 0 5 0 0 72 102 21 0 100 18 36 0 44 72 116 0 0 19 5 63 72 0 0 13 18 0 72 18 64 0 0 4 0 0 0 0 18 0 36 56 9 36 
0 0 0 0 0 0 48 0 0 32 0 0 0 0 0 0 0 0 0 0 40 64 14 0 0 0 6 52 0 24 4 0 19 0 0 0 72 0 0 0 18 0 0 0 10 0 0 0 0 0 64 0 72 0 16 8 0 8 0 0 10 56 64 0 
0 63 49 18 0 16 65 9 42 14 0 68 0 0 46 7 12 61 6 30 24 49 0 23 0 0 56 0 86 0 49 0 30 0 0 0 48 0 0 42 3 12 0 21 0 36 0 21 56 0 0 0 51 0 0 42 25 27 14 69 0 0 21 35 
0 9 0 0 0 0 0 0 0 0 0 0 36 0 6 0 0 0 0 54 0 45 0 0 0 0 0 0 45 0 0 48 0 18 0 0 0 0 0 66 0 36 0 15 0 0 0 74 0 0 0 0 10 63 45 0 0 30 0 0 0 0 99 0 
