1429 1434 1600 1558 1296 1593 1638 1363 1666 1444 1623 1454 1543 1392 1589 1496 1573 1510 1371 1559 1578 1601 1265 1483 1184 1440 1719 1437 1492 1472 1604 1268 1177 1414 1523 1162 1587 1437 1621 1337 1506 1556 1284 1593 1451 1540 1438 1550 1456 1359 1359 1625 1598 1585 1633 1451 1764 1447 1522 1592 1391 1539 1560 1577 
1093 1125 1276 1190 1208 1351 1324 1194 1252 1110 1347 1309 1330 1111 1315 1110 1285 1179 1152 1110 1342 1296 1147 1382 1019 1102 1336 1063 1269 1250 1359 1170 1044 1151 1173 1045 1373 1207 1297 1197 1176 1235 1312 1419 1254 1382 1324 1261 1161 1161 1177 1364 1328 1261 1293 1280 1318 1208 1089 1219 1070 1124 1330 1493 
1173 1100 1418 1203 1228 1241 1335 1090 1342 1246 1229 1183 1366 1226 1215 1206 1294 1253 1181 1085 1300 1239 1183 1263 959 1116 1351 1223 1290 1220 1350 1151 989 1174 1284 1048 1315 1023 1372 1159 1141 1351 1214 1279 1328 1333 1271 1267 1219 1177 1023 1271 1217 1302 1192 1218 1400 1337 1123 1319 1172 1340 1356 1264 
1206 1176 1292 1106 1292 1412 1279 1179 1203 1144 1255 1239 1359 1112 1216 1405 1330 1274 1276 1182 1311 1226 1242 1306 1044 1144 1430 1171 1178 1242 1325 959 873 1119 1305 976 1375 1139 1355 1212 1156 1233 1218 1356 1233 1270 1288 1301 1108 1211 1078 1280 1208 1274 1118 1366 1433 1316 1205 1335 1059 1270 1327 1286 
1110 1152 1367 1283 1244 1416 1332 1272 1380 1262 1415 1403 1375 1228 1166 1197 1427 1288 1141 1318 1251 1338 1249 1226 986 1349 1270 1351 1226 1259 1360 1147 1156 1203 1353 1134 1431 1193 1507 1125 1239 1327 1374 1251 1364 1382 1250 1394 1280 1122 1230 1434 1399 1327 1195 1339 1503 1374 1274 1247 1286 1231 1344 1489 
1056 1032 1176 1095 1045 1217 1019 1154 1057 1012 1025 1140 1228 1084 1047 1114 1135 1080 989 1160 1047 1184 1016 1058 860 1022 1148 1170 1154 1071 1298 972 919 954 1168 900 1215 1031 1269 1036 974 1071 1068 1183 1226 1140 1025 1129 1161 1029 1108 1173 1210 1050 1033 1253 1220 1112 1101 1122 1139 1093 1232 1208 
1298 1208 1597 1357 1334 1271 1361 1248 1480 1373 1434 1476 1585 1304 1405 1407 1407 1387 1395 1361 1372 1459 1346 1349 1039 1323 1617 1463 1424 1411 1367 1298 1179 1283 1394 1191 1449 1239 1554 1253 1242 1400 1314 1445 1417 1520 1252 1388 1455 1305 1300 1523 1501 1488 1381 1476 1506 1407 1338 1564 1225 1352 1595 1421 
1288 1275 1587 1265 1539 1237 1374 1357 1484 1493 1384 1519 1592 1299 1480 1362 1422 1385 1280 1365 1483 1376 1318 1413 1164 1384 1600 1488 1425 1429 1431 1301 1237 1381 1485 1280 1502 1369 1551 1309 1193 1332 1276 1531 1690 1437 1434 1326 1355 1404 1491 1410 1470 1456 1431 1595 1364 1378 1413 1539 1346 1385 1563 1405 
1338 1346 1563 1384 1419 1460 1418 1447 1435 1311 1480 1400 1521 1307 1375 1482 1492 1483 1293 1304 1516 1311 1283 1310 1280 1393 1507 1396 1436 1380 1602 1233 1164 1219 1447 1086 1492 1459 1497 1326 1322 1416 1304 1405 1476 1555 1396 1445 1392 1344 1326 1447 1387 1351 1316 1521 1478 1347 1248 1538 1301 1405 1517 1575 
1163 1091 1278 1192 1201 1352 1145 1219 1208 1213 1309 1203 1347 1167 1222 1202 1323 1262 1186 1294 1198 1189 1209 1239 1083 1126 1479 1290 1278 1335 1350 1193 1060 1165 1255 963 1319 1096 1361 1136 1123 1302 1222 1476 1288 1240 1270 1178 1234 1067 1127 1371 1410 1217 1154 1280 1268 1205 1255 1335 1164 1300 1294 1249 
1254 1238 1553 1352 1382 1469 1314 1394 1253 1332 1384 1347 1500 1307 1321 1507 1371 1446 1327 1266 1480 1291 1198 1260 1123 1310 1455 1309 1413 1169 1549 1334 1071 1178 1339 1110 1355 1319 1526 1121 1249 1469 1467 1358 1340 1572 1365 1329 1308 1350 1328 1419 1428 1494 1403 1351 1371 1320 1167 1446 1301 1407 1411 1501 
1260 1258 1461 1285 1323 1374 1252 1388 1228 1255 1276 1234 1463 1203 1350 1419 1330 1270 1258 1251 1312 1326 1263 1414 1086 1205 1442 1418 1315 1270 1455 1104 928 1190 1292 980 1372 1160 1575 1204 1050 1278 1225 1359 1365 1320 1220 1356 1258 1266 1173 1405 1384 1257 1205 1508 1341 1333 1252 1438 1280 1309 1492 1412 
1355 1206 1524 1440 1421 1532 1352 1477 1276 1334 1393 1529 1542 1364 1398 1588 1452 1390 1352 1316 1550 1385 1283 1448 1148 1274 1564 1383 1435 1324 1558 1307 1072 1213 1364 989 1316 1415 1539 1249 1173 1382 1412 1374 1404 1658 1400 1526 1352 1300 1226 1564 1486 1495 1423 1433 1382 1455 1276 1470 1368 1455 1481 1666 
1216 1215 1390 1227 1416 1443 1334 1319 1274 1223 1263 1349 1408 1194 1177 1240 1319 1302 1184 1204 1324 1362 1253 1330 1052 1198 1405 1197 1304 1351 1438 1235 1104 1065 1201 1131 1272 1300 1500 1104 1189 1279 1300 1393 1366 1399 1379 1326 1280 1281 1299 1355 1393 1349 1308 1353 1330 1309 1201 1371 1285 1186 1351 1391 
990 1004 1244 1215 1178 1147 1263 1320 1318 1065 1183 1207 1318 1124 1184 1258 1253 1153 1158 1260 1271 1209 1076 1184 863 1203 1422 1220 1212 1257 1173 1118 931 1134 1330 1092 1219 1187 1402 1033 1007 1172 1105 1289 1334 1335 1211 1227 1167 1129 1106 1309 1188 1265 1057 1255 1261 1141 1063 1352 1152 1246 1389 1290 
1117 1036 1366 1281 1208 1263 1375 1337 1299 1233 1295 1281 1339 1190 1236 1303 1384 1330 1128 1201 1440 1165 1034 1190 1029 1232 1485 1307 1259 1250 1412 1165 988 1162 1312 1021 1283 1199 1359 1178 1244 1308 1170 1351 1222 1348 1366 1322 1101 1117 1072 1312 1237 1275 1235 1316 1274 1204 1260 1245 1281 1289 1204 1401 
1212 1136 1331 1242 1056 1192 1168 1215 1393 1249 1203 1167 1349 1181 1157 1275 1230 1146 1184 1137 1317 1138 1134 1203 996 1353 1392 1260 1260 1225 1251 1120 1021 1154 1336 962 1217 1127 1264 1074 996 1139 1198 1353 1372 1311 1111 1151 1177 1099 1093 1123 1224 1291 1271 1297 1249 1222 1172 1443 1150 1239 1281 1193 
1403 1157 1501 1388 1332 1388 1487 1395 1511 1378 1508 1308 1475 1293 1435 1590 1510 1509 1366 1456 1603 1445 1237 1477 1066 1444 1516 1355 1488 1451 1586 1220 1109 1309 1474 1158 1472 1280 1471 1292 1340 1291 1299 1434 1355 1526 1537 1495 1349 1370 1379 1348 1562 1502 1429 1429 1554 1326 1373 1483 1294 1423 1462 1456 
1171 1123 1357 1271 1124 1214 1325 1189 1186 1156 1164 1174 1364 1234 1356 1409 1388 1369 1221 1313 1476 1336 1134 1323 1082 1163 1449 1275 1338 1265 1294 1112 974 1241 1395 1128 1378 1269 1334 1161 1161 1189 1167 1325 1263 1398 1361 1156 1313 1183 1205 1297 1280 1418 1204 1255 1387 1259 1274 1401 1102 1332 1374 1237 
1258 1182 1366 1433 1298 1450 1310 1351 1304 1256 1316 1210 1439 1353 1284 1387 1424 1356 1236 1301 1407 1385 1184 1444 1003 1306 1480 1312 1413 1269 1446 1142 1005 1262 1359 1106 1468 1306 1351 1196 1290 1322 1327 1400 1296 1456 1384 1399 1296 1295 1153 1583 1357 1404 1336 1354 1552 1371 1247 1447 1259 1416 1458 1499 
1423 1442 1783 1547 1516 1590 1606 1457 1728 1512 1601 1544 1664 1493 1451 1608 1696 1526 1519 1512 1592 1532 1386 1425 1303 1501 1791 1538 1489 1512 1643 1367 1138 1437 1594 1237 1660 1538 1650 1526 1327 1625 1515 1675 1595 1623 1480 1530 1510 1428 1412 1583 1465 1643 1532 1642 1630 1503 1453 1706 1365 1623 1651 1692 
1343 1355 1367 1365 1401 1640 1442 1477 1232 1220 1422 1311 1404 1324 1338 1411 1552 1449 1313 1353 1475 1373 1270 1525 1200 1369 1500 1264 1447 1410 1472 1177 1258 1184 1307 1054 1487 1336 1549 1205 1365 1429 1318 1457 1470 1577 1502 1425 1370 1357 1311 1551 1579 1408 1433 1425 1504 1310 1302 1409 1266 1319 1498 1582 
1149 1055 1311 1248 1241 1333 1273 1235 1339 1175 1429 1273 1383 1163 1354 1306 1271 1246 1139 1093 1475 1204 1173 1391 1084 1182 1458 1204 1333 1295 1420 1004 977 1100 1349 1056 1365 1069 1348 1282 1174 1217 1297 1300 1318 1437 1226 1460 1237 1193 1033 1418 1363 1305 1336 1344 1277 1324 1160 1139 1211 1235 1257 1474 
1271 1097 1440 1215 1329 1366 1352 1243 1301 1308 1460 1304 1393 1186 1308 1313 1399 1405 1205 1204 1412 1279 1116 1166 944 1264 1351 1243 1330 1264 1452 1156 1146 1162 1405 1035 1313 1049 1334 1145 1358 1380 1277 1375 1294 1307 1337 1283 1179 1228 1323 1421 1384 1365 1325 1330 1377 1327 1293 1319 1230 1257 1405 1391 
1190 1096 1303 1192 1181 1284 1267 1245 1144 1045 1209 1197 1108 1179 1199 1321 1245 1181 1109 1050 1360 1230 1085 1239 998 1111 1364 1222 1333 1227 1350 1053 1084 1132 1379 990 1236 1130 1190 1047 1216 1239 1029 1159 1251 1301 1158 1297 1135 1051 1111 1322 1234 1324 1231 1248 1188 1339 1258 1254 1281 1237 1285 1282 
1283 1154 1162 1192 1065 1230 1281 1148 1220 1068 1219 1014 1317 1228 1280 1083 1313 1260 1043 1131 1339 1338 1093 1284 1011 1203 1444 1244 1398 1304 1258 1109 1092 1159 1337 1078 1198 1218 1430 1143 1201 1177 1155 1221 1377 1327 1206 1272 1195 1240 1171 1392 1321 1163 1207 1212 1357 1191 1195 1395 1037 1205 1371 1277 
1079 1041 1257 1110 1113 1175 1213 1203 1230 1263 1262 1280 1240 1074 1062 1276 1186 1310 1116 1192 1226 1096 1034 1104 906 1224 1311 1186 1250 1207 1282 1062 1095 1175 1284 1090 1203 1073 1313 999 1247 1260 1033 1254 1228 1197 1113 1134 1101 1057 1177 1222 1143 1168 1137 1210 1286 1170 1184 1273 1254 1208 1159 1172 
1429 1369 1571 1366 1369 1490 1309 1402 1466 1419 1396 1450 1599 1348 1443 1399 1409 1531 1293 1423 1500 1418 1308 1318 1166 1348 1576 1406 1474 1350 1565 1312 1257 1290 1379 1161 1398 1431 1549 1201 1364 1429 1295 1455 1469 1413 1352 1419 1352 1371 1299 1518 1462 1388 1449 1507 1619 1429 1443 1575 1330 1394 1503 1576 
1331 1302 1567 1441 1410 1563 1569 1436 1474 1332 1418 1384 1486 1438 1504 1497 1660 1405 1304 1302 1473 1524 1132 1462 1170 1389 1578 1439 1451 1304 1498 1255 1153 1392 1458 1159 1501 1236 1574 1378 1326 1512 1207 1554 1523 1437 1382 1344 1298 1390 1250 1522 1470 1530 1419 1533 1580 1529 1514 1492 1389 1521 1650 1475 
1097 1199 1372 1409 1042 1418 1265 1317 1213 1292 1389 1315 1329 1278 1141 1361 1374 1358 1174 1202 1345 1255 1110 1247 1017 1326 1445 1180 1334 1257 1334 1153 1223 1237 1315 1010 1266 1094 1504 1133 1315 1380 1235 1271 1326 1403 1195 1299 1251 1180 1186 1378 1271 1264 1190 1371 1478 1316 1197 1338 1322 1222 1298 1370 
1364 1228 1447 1300 1308 1321 1357 1346 1369 1321 1322 1249 1478 1214 1238 1427 1379 1373 1283 1251 1481 1472 1239 1354 1009 1307 1567 1400 1435 1348 1441 1296 1017 1254 1328 1064 1101 1284 1501 1194 1239 1279 1226 1453 1435 1364 1340 1238 1192 1271 1130 1333 1410 1293 1313 1383 1400 1336 1370 1489 1269 1263 1480 1468 
1424 1215 1391 1310 1438 1393 1163 1260 1235 1340 1313 1260 1433 1233 1242 1379 1331 1254 1222 1220 1411 1341 1215 1237 1044 1244 1509 1367 1385 1268 1490 1392 1125 1190 1267 1094 1241 1340 1439 1003 1225 1302 1269 1314 1491 1334 1373 1275 1292 1227 1183 1349 1420 1413 1217 1423 1314 1309 1312 1489 1387 1272 1464 1359 
1180 1234 1326 1228 1156 1304 1236 1215 1326 1237 1323 1301 1418 1082 1251 1257 1288 1441 1181 1203 1317 1332 1248 1186 1068 1263 1426 1256 1297 1258 1366 1135 1108 1202 1452 1021 1204 1126 1436 1175 1202 1292 1329 1337 1325 1339 1168 1343 1157 1186 1161 1473 1315 1257 1199 1308 1462 1337 1235 1459 1180 1231 1373 1382 
1382 1328 1634 1537 1370 1545 1456 1548 1495 1432 1537 1525 1567 1603 1503 1528 1523 1428 1413 1525 1573 1491 1337 1494 1148 1461 1509 1457 1663 1465 1641 1472 1408 1440 1621 1254 1619 1467 1552 1340 1350 1526 1282 1621 1603 1723 1471 1544 1500 1402 1328 1588 1672 1537 1550 1548 1673 1448 1523 1514 1450 1456 1635 1632 
1408 1353 1479 1464 1418 1475 1431 1464 1593 1320 1524 1466 1617 1455 1462 1532 1563 1592 1431 1403 1636 1358 1245 1375 1137 1573 1547 1346 1503 1414 1629 1294 1273 1338 1651 1245 1464 1408 1819 1426 1465 1538 1396 1502 1573 1518 1496 1501 1404 1458 1456 1562 1523 1361 1331 1547 1550 1433 1448 1642 1254 1508 1483 1542 
1283 1252 1560 1396 1390 1462 1441 1435 1450 1415 1560 1434 1532 1325 1284 1571 1510 1523 1336 1472 1568 1378 1267 1467 1133 1333 1595 1381 1514 1500 1627 1222 1210 1238 1439 1302 1506 1345 1554 1376 1461 1326 1401 1353 1307 1525 1437 1443 1301 1264 1317 1441 1454 1426 1366 1473 1471 1406 1292 1403 1377 1453 1493 1555 
1326 1305 1410 1419 1248 1383 1434 1377 1449 1464 1442 1351 1483 1191 1283 1384 1525 1492 1301 1387 1534 1420 1270 1339 1117 1394 1598 1390 1386 1413 1466 1309 1142 1307 1456 1017 1448 1306 1535 1236 1367 1377 1341 1468 1484 1409 1458 1429 1218 1306 1245 1406 1305 1315 1327 1450 1419 1268 1350 1547 1183 1363 1426 1451 
1367 1394 1470 1476 1278 1464 1427 1506 1497 1352 1323 1420 1548 1302 1460 1434 1390 1531 1406 1346 1506 1476 1394 1429 1186 1441 1671 1398 1496 1421 1511 1290 1169 1303 1479 1087 1337 1385 1657 1278 1307 1406 1440 1478 1535 1659 1461 1492 1384 1284 1208 1528 1478 1541 1441 1459 1484 1402 1421 1618 1350 1340 1511 1545 
1282 1287 1317 1318 1209 1343 1299 1258 1345 1202 1295 1316 1465 1235 1280 1265 1401 1280 1142 1381 1467 1417 1226 1362 1163 1215 1510 1278 1347 1365 1363 1190 1029 1129 1205 1080 1301 1374 1465 1143 1137 1137 1286 1416 1414 1465 1183 1249 1410 1190 1256 1249 1422 1383 1180 1395 1365 1223 1199 1457 1098 1289 1401 1458 
1218 1098 1290 1262 1099 1342 1298 1387 1251 1198 1275 1310 1371 1294 1272 1382 1424 1318 1272 1314 1452 1243 1083 1308 1020 1242 1440 1319 1314 1220 1383 1150 876 1194 1291 916 1294 1219 1401 1052 1037 1144 1195 1298 1324 1327 1257 1294 1194 1156 1142 1229 1287 1143 1153 1382 1386 1168 1221 1466 1159 1421 1378 1370 
1276 1252 1449 1272 1388 1430 1364 1398 1352 1397 1495 1340 1399 1303 1202 1462 1456 1401 1249 1354 1383 1201 1214 1287 998 1293 1349 1274 1156 1314 1413 1101 1072 1229 1430 1119 1406 1199 1536 1249 1253 1326 1270 1345 1289 1483 1404 1353 1248 1248 1244 1378 1377 1467 1332 1475 1502 1309 1319 1348 1257 1423 1412 1476 
1427 1365 1484 1245 1347 1390 1272 1444 1266 1461 1363 1405 1515 1262 1304 1377 1475 1526 1388 1353 1552 1342 1430 1454 1213 1419 1542 1414 1481 1443 1463 1336 1367 1381 1470 1132 1469 1345 1616 1172 1332 1334 1278 1538 1533 1492 1528 1275 1434 1371 1377 1384 1445 1342 1289 1569 1529 1314 1452 1586 1249 1214 1521 1436 
1203 1268 1416 1364 1257 1499 1273 1422 1290 1376 1505 1418 1392 1223 1152 1458 1465 1351 1273 1348 1378 1379 1341 1354 1110 1275 1495 1319 1292 1323 1377 1169 1188 1241 1444 1137 1522 1323 1445 1325 1282 1297 1434 1341 1350 1349 1280 1432 1366 1403 1356 1454 1257 1378 1251 1542 1531 1318 1254 1424 1272 1298 1369 1433 
1313 1257 1530 1220 1375 1353 1362 1392 1335 1254 1447 1337 1600 1290 1498 1442 1431 1372 1264 1232 1624 1364 1281 1465 1188 1329 1555 1415 1370 1334 1552 1227 1150 1273 1452 1234 1428 1243 1603 1336 1241 1352 1348 1340 1397 1376 1383 1328 1243 1395 1310 1418 1520 1323 1311 1452 1388 1322 1348 1473 1228 1415 1487 1419 
1307 1297 1598 1376 1427 1454 1557 1515 1445 1413 1372 1544 1619 1394 1476 1438 1570 1494 1305 1475 1598 1449 1302 1579 1243 1507 1667 1490 1458 1599 1480 1385 1248 1363 1497 1249 1570 1311 1794 1252 1260 1540 1421 1633 1586 1622 1549 1414 1334 1335 1339 1432 1586 1425 1343 1521 1541 1381 1365 1594 1356 1495 1704 1625 
1226 1316 1385 1383 1316 1300 1263 1215 1438 1292 1348 1286 1395 1248 1268 1309 1214 1260 1290 1233 1383 1347 1209 1279 1071 1313 1422 1267 1331 1253 1390 1195 1102 1134 1355 1154 1407 1265 1514 1225 1324 1428 1219 1270 1366 1287 1184 1321 1170 1221 1146 1402 1321 1341 1202 1384 1407 1391 1315 1345 1246 1181 1395 1328 
1292 1342 1384 1324 1235 1392 1324 1252 1338 1319 1334 1412 1498 1278 1314 1444 1506 1340 1225 1358 1410 1321 1238 1393 1041 1214 1588 1333 1357 1362 1410 1128 1179 1332 1516 1175 1439 1292 1542 1320 1260 1287 1294 1429 1487 1454 1362 1480 1292 1195 1174 1421 1328 1387 1234 1479 1485 1316 1247 1434 1197 1385 1508 1515 
1171 1170 1493 1471 1319 1355 1383 1400 1409 1295 1433 1288 1413 1239 1338 1461 1367 1374 1249 1325 1465 1430 1159 1434 1005 1216 1491 1339 1345 1270 1442 1226 1156 1252 1289 1128 1266 1219 1597 1298 1335 1404 1161 1398 1345 1364 1224 1401 1168 1356 1303 1506 1470 1378 1260 1445 1413 1430 1330 1498 1373 1368 1383 1338 
1032 1096 1064 1080 944 1136 952 1117 1092 1181 955 1050 1223 1070 1030 987 1149 1072 955 1033 1085 968 893 1015 840 1037 1227 1019 1148 1131 1121 1062 867 1010 1078 873 1100 1123 1151 883 919 1005 1021 1128 1241 1167 1195 1100 1069 919 831 1090 1077 1032 1014 1234 1219 866 1066 1145 1016 1053 1213 1232 
1278 1176 1451 1283 1230 1372 1363 1322 1407 1341 1416 1404 1585 1188 1379 1474 1347 1376 1209 1272 1407 1263 1260 1415 1101 1193 1552 1347 1355 1421 1477 1135 964 1239 1410 992 1362 1142 1563 1304 1179 1248 1310 1330 1258 1395 1243 1440 1300 1168 1076 1429 1373 1295 1278 1355 1469 1312 1145 1423 1288 1448 1432 1522 
1335 1190 1526 1414 1306 1337 1345 1362 1479 1418 1360 1429 1553 1315 1404 1445 1505 1377 1421 1425 1380 1259 1216 1243 1018 1300 1466 1446 1434 1257 1477 1360 1140 1308 1437 1041 1416 1397 1422 1368 1207 1290 1308 1545 1405 1478 1380 1255 1319 1247 1426 1410 1432 1453 1371 1481 1336 1292 1287 1568 1183 1477 1472 1381 
1102 1141 1235 1183 1143 1184 1269 1135 1074 1225 1138 1069 1168 1105 1099 1282 1272 1214 1063 1118 1317 1110 1133 1152 986 1200 1299 1209 1144 1273 1166 1053 948 1025 1205 973 1097 1189 1215 1024 1088 1106 1083 1248 1354 1421 1297 1177 1099 973 1074 1098 1207 1219 1130 1248 1240 1179 1142 1248 1133 1202 1323 1268 
1448 1441 1515 1373 1525 1525 1288 1452 1349 1454 1478 1438 1703 1359 1600 1468 1467 1410 1241 1243 1630 1388 1468 1484 1259 1476 1662 1512 1486 1428 1574 1235 1200 1437 1533 1214 1478 1427 1667 1321 1355 1362 1476 1513 1741 1599 1565 1392 1282 1338 1270 1542 1563 1439 1399 1563 1610 1602 1395 1563 1283 1474 1642 1662 
1270 1199 1487 1200 1245 1361 1402 1196 1314 1259 1305 1338 1522 1154 1383 1305 1461 1428 1217 1284 1423 1320 1272 1261 1145 1180 1528 1305 1328 1427 1350 1170 1101 1167 1318 1096 1337 1280 1445 1216 1185 1211 1212 1422 1371 1484 1411 1214 1462 1265 1281 1348 1333 1346 1351 1394 1435 1270 1199 1370 1172 1248 1507 1438 
1181 1168 1352 1236 1186 1428 1350 1317 1233 1352 1465 1341 1417 1178 1313 1335 1434 1314 1258 1170 1355 1246 1227 1268 1014 1268 1550 1335 1282 1285 1355 1220 1100 1186 1337 962 1227 1070 1467 1151 1300 1337 1307 1360 1281 1354 1241 1351 1164 1160 1133 1464 1316 1304 1301 1330 1305 1300 1222 1381 1298 1249 1494 1428 
1192 1041 1469 1303 1263 1399 1374 1364 1257 1180 1424 1350 1307 1239 1356 1444 1331 1377 1280 1259 1440 1299 1074 1319 942 1194 1400 1262 1394 1222 1506 1131 1085 1199 1378 1061 1343 1112 1429 1238 1354 1366 1229 1294 1100 1291 1235 1265 1143 1221 1377 1523 1375 1357 1327 1276 1301 1341 1275 1283 1255 1383 1327 1402 
1190 1104 1254 1154 1105 1203 1104 1201 1235 1116 1186 1172 1424 1133 1274 1311 1270 1266 1118 1282 1360 1255 1075 1156 959 1274 1412 1177 1183 1184 1330 1026 902 1055 1262 1123 1351 1197 1379 1003 1153 1116 1239 1230 1248 1211 1278 1147 1222 1179 1132 1199 1179 1215 1116 1257 1447 1141 1141 1389 1055 1201 1362 1224 
1220 1232 1513 1266 1332 1314 1331 1304 1290 1297 1327 1343 1401 1247 1411 1379 1413 1287 1238 1182 1492 1252 1132 1401 1090 1260 1480 1274 1268 1317 1437 1096 1056 1250 1288 1011 1368 1155 1442 1226 1203 1376 1169 1243 1321 1323 1419 1312 1091 1159 1174 1340 1373 1317 1286 1385 1320 1304 1281 1348 1186 1319 1469 1501 
1396 1350 1463 1422 1289 1500 1399 1375 1551 1351 1428 1336 1613 1356 1486 1462 1369 1459 1288 1445 1596 1465 1277 1438 1124 1375 1646 1376 1482 1378 1574 1250 1082 1326 1440 1254 1467 1303 1606 1188 1278 1412 1367 1503 1521 1464 1389 1530 1329 1296 1186 1466 1513 1495 1414 1566 1612 1483 1411 1503 1336 1424 1535 1543 
1281 1226 1427 1306 1464 1409 1497 1330 1415 1397 1505 1339 1518 1264 1406 1447 1560 1463 1352 1265 1591 1386 1256 1415 1122 1274 1546 1281 1334 1437 1406 1208 1106 1174 1421 1273 1379 1238 1507 1350 1370 1357 1365 1441 1383 1530 1517 1387 1319 1445 1351 1521 1375 1514 1379 1440 1391 1335 1324 1413 1211 1392 1606 1408 
1236 1132 1475 1411 1264 1372 1251 1314 1355 1349 1335 1344 1453 1295 1318 1512 1357 1254 1350 1270 1400 1254 1218 1352 1034 1287 1640 1361 1320 1393 1496 1192 903 1208 1279 1079 1437 1308 1430 1185 1228 1377 1307 1372 1304 1519 1371 1353 1335 1190 1105 1323 1244 1404 1290 1437 1469 1253 1207 1484 1378 1381 1554 1464 
1186 1134 1356 1261 1302 1267 1232 1286 1283 1264 1287 1276 1416 1045 1190 1282 1320 1281 1230 1234 1450 1279 1180 1430 961 1238 1511 1103 1260 1359 1273 1151 1032 1176 1178 1082 1237 1150 1498 1186 1237 1203 1254 1356 1258 1424 1408 1178 1195 1207 1070 1328 1254 1349 1123 1309 1288 1243 1229 1308 1104 1185 1423 1450 
1339 1219 1468 1375 1329 1474 1407 1324 1569 1332 1542 1393 1493 1289 1367 1355 1424 1426 1248 1339 1436 1423 1224 1367 1134 1297 1546 1294 1472 1494 1558 1288 1220 1205 1417 1150 1504 1207 1412 1247 1405 1444 1300 1494 1515 1407 1209 1392 1390 1277 1250 1518 1439 1449 1405 1364 1472 1382 1307 1493 1422 1355 1477 1442 
1301 1238 1295 1346 1288 1518 1347 1187 1182 1180 1369 1194 1276 1242 1344 1334 1381 1282 1128 1215 1475 1422 1249 1396 1165 1151 1418 1366 1336 1399 1539 1120 1109 1213 1332 1135 1386 1168 1371 1082 1284 1414 1203 1335 1337 1386 1244 1412 1283 1167 1143 1454 1530 1403 1248 1403 1386 1370 1400 1343 1421 1299 1449 1385 
